Format Version,1.22,Take Name,Turn right 90  LJL  2019-04-16 08.04.11 PM_002,Capture Frame Rate,120,Export Frame Rate,120,Capture Start Time,2019-04-16 08.04.50.362 下午,Total Frames in Take,918,Total Exported Frames,918,Rotation Type,XYZ,Length Units,Millimeters,Coordinate Space,Glob,,Marker,Marker,Marker,Marker,Marker,Marker,Marker,Marker,Marker,Marker,Marker,Marker
,,Trunk Front,Trunk Front,Trunk Front,LTip,LTip,LTip,RTip,RTip,RTip,Trunk Back,Trunk Back,Trunk Back,,,,,,,,,,,,,,,,,,,
,,C3700,C3700,C3700,C3800,C3800,C3800,C3820,C3820,C3820,C38D0,C38D0,C38D0,,,,,,,,,,,,,,,,,,,
,,Position,Position,Position,Position,Position,Position,Position,Position,Position,Position,Position,Position,,,,,,,,,,,,,,,,,,,
Frame,Time (Seconds),X,Y,Z,X,Y,Z,X,Y,Z,X,Y,Z,,,,,,,,,,,,,,,,,,,
0,0,1236.473022,1204.697632,1689.923584,1404.520874,317.045441,1530.982422,1089.002441,336.783234,1551.124634,1266.369873,1195.944824,1442.541138,,,,,,,,,,,,,,,,,,,
1,0.008333,1236.327148,1204.682739,1689.934692,1404.49707,317.060486,1531.032349,1088.922485,336.769806,1550.971191,1266.393066,1195.931885,1442.576904,,,,,,,,,,,,,,,,,,,
2,0.016667,1236.18457,1204.668335,1689.945679,1404.473145,317.076447,1531.082275,1088.843262,336.757141,1550.81665,1266.413818,1195.916748,1442.613647,,,,,,,,,,,,,,,,,,,
3,0.025,1236.047852,1204.65564,1689.956909,1404.449097,317.092987,1531.130859,1088.764526,336.74585,1550.660522,1266.430176,1195.898193,1442.651001,,,,,,,,,,,,,,,,,,,
4,0.033333,1235.918457,1204.645508,1689.968262,1404.424805,317.109955,1531.177246,1088.686523,336.735504,1550.502686,1266.442261,1195.876709,1442.68811,,,,,,,,,,,,,,,,,,,
5,0.041667,1235.796753,1204.637329,1689.978882,1404.400024,317.127289,1531.220459,1088.609619,336.72522,1550.344238,1266.451294,1195.853516,1442.723022,,,,,,,,,,,,,,,,,,,
6,0.05,1235.682373,1204.629883,1689.987671,1404.374146,317.144531,1531.260376,1088.534058,336.714386,1550.186523,1266.456543,1195.828247,1442.755981,,,,,,,,,,,,,,,,,,,
7,0.058333,1235.574829,1204.623291,1689.994629,1404.346802,317.161102,1531.297241,1088.459961,336.702515,1550.032715,1266.458008,1195.800781,1442.786987,,,,,,,,,,,,,,,,,,,
8,0.066667,1235.474365,1204.618042,1689.999878,1404.317505,317.176819,1531.331543,1088.387207,336.689392,1549.887085,1266.456543,1195.771606,1442.815308,,,,,,,,,,,,,,,,,,,
9,0.075,1235.380005,1204.614136,1690.003296,1404.285767,317.192169,1531.364502,1088.315918,336.674652,1549.752563,1266.451538,1195.73999,1442.841919,,,,,,,,,,,,,,,,,,,
10,0.083333,1235.290405,1204.611206,1690.004028,1404.251587,317.207733,1531.397461,1088.246338,336.658112,1549.631958,1266.443481,1195.706421,1442.867065,,,,,,,,,,,,,,,,,,,
11,0.091667,1235.204956,1204.609497,1690.001709,1404.215576,317.224121,1531.430908,1088.178589,336.64032,1549.526611,1266.432861,1195.672485,1442.889771,,,,,,,,,,,,,,,,,,,
12,0.1,1235.122192,1204.608765,1689.99646,1404.17749,317.241364,1531.465332,1088.112061,336.621735,1549.436768,1266.419922,1195.639282,1442.910034,,,,,,,,,,,,,,,,,,,
13,0.108333,1235.040649,1204.609009,1689.987915,1404.137573,317.259308,1531.500977,1088.046143,336.602509,1549.361938,1266.404785,1195.606812,1442.927612,,,,,,,,,,,,,,,,,,,
14,0.116667,1234.959229,1204.609863,1689.975952,1404.095947,317.27832,1531.537964,1087.980469,336.583435,1549.300659,1266.388062,1195.575684,1442.942505,,,,,,,,,,,,,,,,,,,
15,0.125,1234.877197,1204.61145,1689.960449,1404.052124,317.298615,1531.57605,1087.914795,336.565308,1549.250854,1266.369751,1195.546509,1442.95459,,,,,,,,,,,,,,,,,,,
16,0.133333,1234.794312,1204.613037,1689.941284,1404.006958,317.320007,1531.614868,1087.85022,336.548065,1549.21106,1266.350464,1195.519897,1442.963379,,,,,,,,,,,,,,,,,,,
17,0.141667,1234.710083,1204.61499,1689.918457,1403.960815,317.342407,1531.654663,1087.788208,336.531281,1549.17981,1266.331055,1195.497437,1442.968262,,,,,,,,,,,,,,,,,,,
18,0.15,1234.625122,1204.617676,1689.893066,1403.914673,317.365112,1531.69519,1087.729004,336.514862,1549.155884,1266.311401,1195.47876,1442.969604,,,,,,,,,,,,,,,,,,,
19,0.158333,1234.539551,1204.621948,1689.866089,1403.869019,317.387695,1531.736938,1087.671509,336.498932,1549.138916,1266.290039,1195.463135,1442.96814,,,,,,,,,,,,,,,,,,,
20,0.166667,1234.453979,1204.628052,1689.838867,1403.824463,317.410492,1531.779785,1087.614258,336.484039,1549.128296,1266.265991,1195.450073,1442.965088,,,,,,,,,,,,,,,,,,,
21,0.175,1234.367798,1204.636108,1689.811646,1403.781372,317.43335,1531.823853,1087.557495,336.469818,1549.123779,1266.239746,1195.440063,1442.959229,,,,,,,,,,,,,,,,,,,
22,0.183333,1234.279785,1204.645752,1689.78418,1403.740479,317.456207,1531.869629,1087.502686,336.455933,1549.125122,1266.211548,1195.432373,1442.950195,,,,,,,,,,,,,,,,,,,
23,0.191667,1234.189453,1204.656494,1689.757446,1403.702148,317.47876,1531.916992,1087.450562,336.442444,1549.131226,1266.180908,1195.426147,1442.938843,,,,,,,,,,,,,,,,,,,
24,0.2,1234.096436,1204.666992,1689.731689,1403.665771,317.499817,1531.96582,1087.401001,336.428925,1549.141968,1266.148926,1195.421997,1442.924194,,,,,,,,,,,,,,,,,,,
25,0.208333,1234,1204.676758,1689.705811,1403.631104,317.518555,1532.015503,1087.355103,336.414948,1549.156494,1266.116333,1195.420654,1442.90564,,,,,,,,,,,,,,,,,,,
26,0.216667,1233.900391,1204.685547,1689.679199,1403.597534,317.534882,1532.064941,1087.313843,336.400238,1549.174072,1266.083374,1195.421753,1442.883423,,,,,,,,,,,,,,,,,,,
27,0.225,1233.798828,1204.692993,1689.650635,1403.565918,317.54953,1532.112915,1087.279053,336.384705,1549.194092,1266.049805,1195.425049,1442.85791,,,,,,,,,,,,,,,,,,,
28,0.233333,1233.696045,1204.698486,1689.619873,1403.536133,317.56311,1532.158447,1087.25061,336.369293,1549.21521,1266.015503,1195.43042,1442.829956,,,,,,,,,,,,,,,,,,,
29,0.241667,1233.592407,1204.701538,1689.586792,1403.508179,317.575714,1532.200439,1087.227051,336.355499,1549.235596,1265.980347,1195.438477,1442.799927,,,,,,,,,,,,,,,,,,,
30,0.25,1233.488037,1204.700928,1689.55188,1403.482056,317.587891,1532.237915,1087.207031,336.343567,1549.254517,1265.944702,1195.450439,1442.767944,,,,,,,,,,,,,,,,,,,
31,0.258333,1233.384155,1204.696289,1689.515991,1403.457031,317.599945,1532.270142,1087.189087,336.332794,1549.271484,1265.908447,1195.466553,1442.734985,,,,,,,,,,,,,,,,,,,
32,0.266667,1233.282593,1204.688354,1689.480347,1403.432617,317.611206,1532.296509,1087.172119,336.322357,1549.28479,1265.870483,1195.48645,1442.702637,,,,,,,,,,,,,,,,,,,
33,0.275,1233.183594,1204.677979,1689.445923,1403.408081,317.620697,1532.316284,1087.155396,336.311951,1549.293823,1265.828979,1195.509277,1442.672485,,,,,,,,,,,,,,,,,,,
34,0.283333,1233.08728,1204.665405,1689.412842,1403.383423,317.628967,1532.32959,1087.137329,336.301147,1549.298462,1265.783691,1195.534912,1442.645752,,,,,,,,,,,,,,,,,,,
35,0.291667,1232.993408,1204.650635,1689.380249,1403.358521,317.636597,1532.335815,1087.11731,336.289581,1549.299072,1265.735596,1195.56311,1442.623047,,,,,,,,,,,,,,,,,,,
36,0.3,1232.900879,1204.633301,1689.3479,1403.333618,317.642456,1532.334961,1087.095459,336.27713,1549.296143,1265.685791,1195.592773,1442.605103,,,,,,,,,,,,,,,,,,,
37,0.308333,1232.809326,1204.615112,1689.316162,1403.309082,317.646393,1532.327637,1087.072144,336.263733,1549.289551,1265.635742,1195.624023,1442.592041,,,,,,,,,,,,,,,,,,,
38,0.316667,1232.718262,1204.597412,1689.286133,1403.285645,317.649719,1532.314453,1087.047241,336.249481,1549.279541,1265.585693,1195.655762,1442.582642,,,,,,,,,,,,,,,,,,,
39,0.325,1232.627319,1204.582031,1689.258545,1403.263184,317.653015,1532.295776,1087.020264,336.23526,1549.266357,1265.534668,1195.686279,1442.575928,,,,,,,,,,,,,,,,,,,
40,0.333333,1232.536987,1204.569946,1689.232666,1403.241699,317.655762,1532.272705,1086.990234,336.222107,1549.250122,1265.482178,1195.714111,1442.570557,,,,,,,,,,,,,,,,,,,
41,0.341667,1232.446777,1204.560547,1689.207275,1403.221313,317.657898,1532.246704,1086.956543,336.208984,1549.232422,1265.427856,1195.73938,1442.564697,,,,,,,,,,,,,,,,,,,
42,0.35,1232.356445,1204.552612,1689.180786,1403.202026,317.65976,1532.219238,1086.919678,336.194855,1549.214355,1265.37085,1195.762207,1442.557373,,,,,,,,,,,,,,,,,,,
43,0.358333,1232.265991,1204.545166,1689.152344,1403.183838,317.661072,1532.19165,1086.879517,336.17984,1549.19751,1265.310181,1195.782593,1442.547363,,,,,,,,,,,,,,,,,,,
44,0.366667,1232.175781,1204.536621,1689.121948,1403.166626,317.661072,1532.164429,1086.835693,336.163696,1549.182861,1265.244629,1195.800049,1442.534668,,,,,,,,,,,,,,,,,,,
45,0.375,1232.08606,1204.526123,1689.089233,1403.150513,317.659973,1532.138794,1086.788452,336.145538,1549.170288,1265.172363,1195.814453,1442.519775,,,,,,,,,,,,,,,,,,,
46,0.383333,1231.996826,1204.511963,1689.053589,1403.136597,317.658905,1532.115479,1086.737793,336.125275,1549.158813,1265.092163,1195.826172,1442.503418,,,,,,,,,,,,,,,,,,,
47,0.391667,1231.907593,1204.49353,1689.015259,1403.125,317.658081,1532.095215,1086.684692,336.103241,1549.148438,1265.00354,1195.83606,1442.485718,,,,,,,,,,,,,,,,,,,
48,0.4,1231.818726,1204.470337,1688.97522,1403.115723,317.65683,1532.078369,1086.62915,336.07962,1549.139648,1264.907837,1195.846558,1442.465698,,,,,,,,,,,,,,,,,,,
49,0.408333,1231.729614,1204.442627,1688.933228,1403.108643,317.655029,1532.06543,1086.571411,336.054291,1549.132202,1264.80603,1195.859131,1442.443115,,,,,,,,,,,,,,,,,,,
50,0.416667,1231.639648,1204.411377,1688.889526,1403.10376,317.653381,1532.056641,1086.512085,336.026428,1549.126221,1264.69873,1195.873779,1442.418945,,,,,,,,,,,,,,,,,,,
51,0.425,1231.548096,1204.377319,1688.844849,1403.10083,317.652863,1532.052246,1086.451416,335.996185,1549.123291,1264.588379,1195.89209,1442.392578,,,,,,,,,,,,,,,,,,,
52,0.433333,1231.454468,1204.341187,1688.800415,1403.099609,317.653442,1532.051758,1086.38855,335.964508,1549.124023,1264.477173,1195.914795,1442.363525,,,,,,,,,,,,,,,,,,,
53,0.441667,1231.358765,1204.303467,1688.75708,1403.099976,317.654633,1532.055542,1086.322388,335.931763,1549.128662,1264.365112,1195.940674,1442.33374,,,,,,,,,,,,,,,,,,,
54,0.45,1231.260498,1204.265503,1688.715576,1403.101685,317.656952,1532.062988,1086.253296,335.897614,1549.137817,1264.251953,1195.969727,1442.304321,,,,,,,,,,,,,,,,,,,
55,0.458333,1231.160278,1204.229004,1688.676636,1403.104614,317.661346,1532.074341,1086.183716,335.860626,1549.152344,1264.138916,1196.002075,1442.275024,,,,,,,,,,,,,,,,,,,
56,0.466667,1231.058105,1204.19458,1688.640015,1403.10791,317.667542,1532.089111,1086.115112,335.82077,1549.172729,1264.027466,1196.037964,1442.245239,,,,,,,,,,,,,,,,,,,
57,0.475,1230.954468,1204.162598,1688.605103,1403.11084,317.674652,1532.107666,1086.048218,335.779877,1549.198975,1263.918335,1196.075928,1442.216675,,,,,,,,,,,,,,,,,,,
58,0.483333,1230.849609,1204.132568,1688.570801,1403.113647,317.682251,1532.130737,1085.983398,335.739441,1549.231567,1263.81189,1196.114014,1442.191162,,,,,,,,,,,,,,,,,,,
59,0.491667,1230.745361,1204.104126,1688.536499,1403.115601,317.689667,1532.157715,1085.922607,335.69986,1549.270386,1263.709351,1196.151245,1442.169922,,,,,,,,,,,,,,,,,,,
60,0.5,1230.644165,1204.077026,1688.502441,1403.116577,317.696411,1532.188232,1085.868164,335.662323,1549.315552,1263.612305,1196.187866,1442.152222,,,,,,,,,,,,,,,,,,,
61,0.508333,1230.548096,1204.050781,1688.468506,1403.116699,317.702667,1532.221802,1085.822998,335.628143,1549.36853,1263.522217,1196.224121,1442.136597,,,,,,,,,,,,,,,,,,,
62,0.516667,1230.459106,1204.02417,1688.433472,1403.115601,317.708496,1532.257935,1085.789063,335.597626,1549.429565,1263.440308,1196.259644,1442.12207,,,,,,,,,,,,,,,,,,,
63,0.525,1230.379272,1203.996216,1688.396973,1403.112793,317.713745,1532.29541,1085.768066,335.570038,1549.498413,1263.367676,1196.294434,1442.107422,,,,,,,,,,,,,,,,,,,
64,0.533333,1230.311646,1203.965454,1688.358521,1403.107178,317.718018,1532.333374,1085.760498,335.544342,1549.574829,1263.306274,1196.329102,1442.090698,,,,,,,,,,,,,,,,,,,
65,0.541667,1230.259399,1203.930908,1688.319092,1403.099365,317.720795,1532.370361,1085.765381,335.519775,1549.657959,1263.257324,1196.36377,1442.07019,,,,,,,,,,,,,,,,,,,
66,0.55,1230.225098,1203.892334,1688.279297,1403.089844,317.721375,1532.405029,1085.781006,335.496155,1549.745605,1263.22168,1196.398315,1442.046021,,,,,,,,,,,,,,,,,,,
67,0.558333,1230.210205,1203.850464,1688.239502,1403.078735,317.719116,1532.435547,1085.805786,335.47345,1549.836426,1263.198975,1196.431885,1442.018188,,,,,,,,,,,,,,,,,,,
68,0.566667,1230.21582,1203.805542,1688.199829,1403.066895,317.714539,1532.460571,1085.837158,335.451538,1549.929321,1263.189453,1196.464355,1441.986816,,,,,,,,,,,,,,,,,,,
69,0.575,1230.242798,1203.758423,1688.161133,1403.054443,317.708405,1532.47937,1085.872314,335.43103,1550.023926,1263.192261,1196.495361,1441.952637,,,,,,,,,,,,,,,,,,,
70,0.583333,1230.291504,1203.709839,1688.124146,1403.041382,317.700653,1532.491089,1085.908203,335.413086,1550.120239,1263.20752,1196.526123,1441.915649,,,,,,,,,,,,,,,,,,,
71,0.591667,1230.361084,1203.6604,1688.089478,1403.02771,317.691162,1532.494385,1085.943359,335.398254,1550.219604,1263.234619,1196.557251,1441.875732,,,,,,,,,,,,,,,,,,,
72,0.6,1230.45105,1203.610718,1688.058105,1403.013672,317.68042,1532.488647,1085.977051,335.386719,1550.322266,1263.272217,1196.588745,1441.833862,,,,,,,,,,,,,,,,,,,
73,0.608333,1230.561768,1203.562622,1688.031616,1402.999878,317.668823,1532.4729,1086.009521,335.378754,1550.42627,1263.31897,1196.62146,1441.790039,,,,,,,,,,,,,,,,,,,
74,0.616667,1230.693359,1203.516479,1688.01123,1402.98645,317.656799,1532.445923,1086.04126,335.373718,1550.529053,1263.375,1196.657104,1441.743164,,,,,,,,,,,,,,,,,,,
75,0.625,1230.845947,1203.473633,1687.998047,1402.973511,317.644775,1532.407349,1086.072266,335.370819,1550.628296,1263.439941,1196.697266,1441.692505,,,,,,,,,,,,,,,,,,,
76,0.633333,1231.019531,1203.435791,1687.99292,1402.960938,317.632996,1532.357422,1086.103149,335.369751,1550.721802,1263.511719,1196.742798,1441.63855,,,,,,,,,,,,,,,,,,,
77,0.641667,1231.213989,1203.405151,1687.997314,1402.948853,317.62085,1532.296387,1086.135254,335.370819,1550.808838,1263.588379,1196.794678,1441.582275,,,,,,,,,,,,,,,,,,,
78,0.65,1231.42981,1203.384399,1688.013184,1402.937012,317.607758,1532.22522,1086.168457,335.37442,1550.891479,1263.668091,1196.854492,1441.523438,,,,,,,,,,,,,,,,,,,
79,0.658333,1231.663574,1203.367432,1688.033691,1402.925537,317.593506,1532.14563,1086.202515,335.379456,1550.972412,1263.748901,1196.925171,1441.462158,,,,,,,,,,,,,,,,,,,
80,0.666667,1231.908569,1203.341431,1688.047363,1402.915039,317.578094,1532.059692,1086.238159,335.384521,1551.053589,1263.830811,1197.010376,1441.397705,,,,,,,,,,,,,,,,,,,
81,0.675,1232.160278,1203.306641,1688.057495,1402.906616,317.561981,1531.969116,1086.275513,335.389465,1551.135498,1263.913452,1197.114258,1441.328857,,,,,,,,,,,,,,,,,,,
82,0.683333,1232.418213,1203.269897,1688.071777,1402.901123,317.545837,1531.875122,1086.314209,335.394379,1551.217407,1263.996826,1197.242554,1441.253662,,,,,,,,,,,,,,,,,,,
83,0.691667,1232.682495,1203.234863,1688.092529,1402.900269,317.530487,1531.778687,1086.354614,335.398926,1551.297729,1264.081665,1197.402954,1441.170288,,,,,,,,,,,,,,,,,,,
84,0.7,1232.954102,1203.205444,1688.12085,1402.904419,317.516541,1531.680908,1086.397095,335.403625,1551.374878,1264.170166,1197.606934,1441.075195,,,,,,,,,,,,,,,,,,,
85,0.708333,1233.23291,1203.185913,1688.156738,1402.913696,317.50354,1531.582642,1086.441772,335.410278,1551.446533,1264.266113,1197.870117,1440.962646,,,,,,,,,,,,,,,,,,,
86,0.716667,1233.514526,1203.172974,1688.197632,1402.92749,317.491241,1531.483887,1086.488892,335.419617,1551.510498,1264.374146,1198.211182,1440.826782,,,,,,,,,,,,,,,,,,,
87,0.725,1233.793091,1203.154785,1688.240723,1402.94519,317.478851,1531.384766,1086.539551,335.431335,1551.565186,1264.484009,1198.596191,1440.679932,,,,,,,,,,,,,,,,,,,
88,0.733333,1234.064941,1203.127686,1688.285156,1402.96521,317.464752,1531.285645,1086.594238,335.445862,1551.609985,1264.570435,1198.93689,1440.553589,,,,,,,,,,,,,,,,,,,
89,0.741667,1234.328369,1203.095215,1688.329102,1402.987305,317.448242,1531.18811,1086.653076,335.46405,1551.645264,1264.625854,1199.202148,1440.459106,,,,,,,,,,,,,,,,,,,
90,0.75,1234.580933,1203.058228,1688.369629,1403.011963,317.42981,1531.092529,1086.717285,335.485443,1551.671143,1264.659668,1199.414063,1440.389893,,,,,,,,,,,,,,,,,,,
91,0.758333,1234.82019,1203.015259,1688.403687,1403.039063,317.40979,1530.998779,1086.786133,335.50943,1551.688232,1264.677734,1199.58667,1440.341431,,,,,,,,,,,,,,,,,,,
92,0.766667,1235.060547,1202.965698,1688.442749,1403.069702,317.388092,1530.906738,1086.859253,335.536377,1551.698242,1264.684814,1199.730591,1440.310425,,,,,,,,,,,,,,,,,,,
93,0.775,1235.322266,1202.917236,1688.500122,1403.104126,317.3638,1530.817871,1086.936279,335.565857,1551.703247,1264.68457,1199.854736,1440.294556,,,,,,,,,,,,,,,,,,,
94,0.783333,1235.600464,1202.87854,1688.567383,1403.14209,317.335693,1530.733032,1087.016724,335.596954,1551.705078,1264.677979,1199.965576,1440.292847,,,,,,,,,,,,,,,,,,,
95,0.791667,1235.886963,1202.851563,1688.63562,1403.184326,317.303284,1530.652954,1087.099487,335.630096,1551.707153,1264.665771,1200.067383,1440.304932,,,,,,,,,,,,,,,,,,,
96,0.8,1236.18396,1202.833008,1688.708618,1403.232178,317.265533,1530.579712,1087.184082,335.665863,1551.712158,1264.647461,1200.163086,1440.329834,,,,,,,,,,,,,,,,,,,
97,0.808333,1236.49231,1202.819824,1688.789429,1403.286987,317.221832,1530.514648,1087.270874,335.70343,1551.722412,1264.621826,1200.255371,1440.367554,,,,,,,,,,,,,,,,,,,
98,0.816667,1236.811279,1202.808228,1688.880859,1403.349976,317.172211,1530.458496,1087.358887,335.741058,1551.739258,1264.586304,1200.345581,1440.419434,,,,,,,,,,,,,,,,,,,
99,0.825,1237.141724,1202.795898,1688.985229,1403.423218,317.117706,1530.411255,1087.446289,335.777313,1551.762207,1264.53833,1200.434814,1440.48645,,,,,,,,,,,,,,,,,,,
100,0.833333,1237.484253,1202.778442,1689.104126,1403.50708,317.059204,1530.372559,1087.531738,335.811584,1551.790283,1264.474731,1200.523193,1440.569946,,,,,,,,,,,,,,,,,,,
101,0.841667,1237.838501,1202.750244,1689.236084,1403.601196,316.996765,1530.340942,1087.61438,335.843323,1551.822632,1264.392212,1200.611694,1440.671387,,,,,,,,,,,,,,,,,,,
102,0.85,1238.203125,1202.704956,1689.377808,1403.704224,316.931488,1530.313599,1087.695068,335.871796,1551.859253,1264.286621,1200.701416,1440.79126,,,,,,,,,,,,,,,,,,,
103,0.858333,1238.57373,1202.635986,1689.52356,1403.814697,316.865082,1530.286865,1087.774048,335.896667,1551.899414,1264.153198,1200.792847,1440.930054,,,,,,,,,,,,,,,,,,,
104,0.866667,1238.942505,1202.535034,1689.66394,1403.930176,316.798981,1530.256104,1087.85083,335.917786,1551.941895,1263.987427,1200.883911,1441.089355,,,,,,,,,,,,,,,,,,,
105,0.875,1239.312378,1202.415283,1689.806152,1404.047974,316.735107,1530.215088,1087.925415,335.935181,1551.984497,1263.78772,1200.973389,1441.270508,,,,,,,,,,,,,,,,,,,
106,0.883333,1239.697632,1202.3125,1689.977417,1404.165405,316.675903,1530.157593,1087.996948,335.949829,1552.025146,1263.555908,1201.059692,1441.473755,,,,,,,,,,,,,,,,,,,
107,0.891667,1240.099121,1202.23999,1690.18689,1404.280762,316.62262,1530.078003,1088.064453,335.963562,1552.060791,1263.295288,1201.139282,1441.700439,,,,,,,,,,,,,,,,,,,
108,0.9,1240.505249,1202.189819,1690.426025,1404.3927,316.575714,1529.97229,1088.127319,335.977203,1552.090698,1263.009644,1201.206665,1441.953369,,,,,,,,,,,,,,,,,,,
109,0.908333,1240.90564,1202.156494,1690.688843,1404.500488,316.534637,1529.838379,1088.186157,335.990692,1552.115112,1262.704224,1201.255005,1442.234009,,,,,,,,,,,,,,,,,,,
110,0.916667,1241.293579,1202.135498,1690.970947,1404.60437,316.496979,1529.675781,1088.240356,336.00412,1552.134766,1262.383545,1201.275757,1442.541504,,,,,,,,,,,,,,,,,,,
111,0.925,1241.665649,1202.122314,1691.2677,1404.704224,316.459442,1529.486084,1088.289429,336.017517,1552.151367,1262.049072,1201.255859,1442.876587,,,,,,,,,,,,,,,,,,,
112,0.933333,1242.021729,1202.113647,1691.575684,1404.800659,316.419525,1529.271484,1088.333496,336.030487,1552.167358,1261.698242,1201.177002,1443.243164,,,,,,,,,,,,,,,,,,,
113,0.941667,1242.365112,1202.106323,1691.893555,1404.893799,316.375366,1529.035767,1088.373901,336.042114,1552.186279,1261.337646,1201.071045,1443.629395,,,,,,,,,,,,,,,,,,,
114,0.95,1242.699829,1202.098633,1692.221802,1404.984131,316.327942,1528.78186,1088.411621,336.051971,1552.209473,1260.985962,1201.026489,1444.004272,,,,,,,,,,,,,,,,,,,
115,0.958333,1243.028076,1202.088623,1692.561157,1405.072876,316.279449,1528.512329,1088.447266,336.059814,1552.239014,1260.65332,1201.081421,1444.35144,,,,,,,,,,,,,,,,,,,
116,0.966667,1243.349487,1202.075684,1692.912231,1405.160156,316.23056,1528.22876,1088.481567,336.064972,1552.276245,1260.3396,1201.223633,1444.669678,,,,,,,,,,,,,,,,,,,
117,0.975,1243.663208,1202.060059,1693.27478,1405.244751,316.181488,1527.932861,1088.514771,336.067322,1552.322266,1260.028198,1201.391602,1444.977051,,,,,,,,,,,,,,,,,,,
118,0.983333,1243.96875,1202.042114,1693.647705,1405.325928,316.135162,1527.625854,1088.546997,336.067291,1552.376831,1259.68811,1201.474609,1445.308838,,,,,,,,,,,,,,,,,,,
119,0.991667,1244.266357,1202.020752,1694.029175,1405.404053,316.095551,1527.306885,1088.578735,336.065491,1552.439331,1259.318604,1201.472778,1445.664673,,,,,,,,,,,,,,,,,,,
120,1,1244.556885,1201.996216,1694.417725,1405.478394,316.063141,1526.974487,1088.609619,336.063171,1552.507202,1258.94873,1201.491089,1446.008911,,,,,,,,,,,,,,,,,,,
121,1.008333,1244.842041,1201.970459,1694.812744,1405.546265,316.034149,1526.62793,1088.637573,336.061737,1552.577148,1258.597412,1201.581299,1446.32251,,,,,,,,,,,,,,,,,,,
122,1.016667,1245.123535,1201.947876,1695.213623,1405.604858,316.004211,1526.268311,1088.661987,336.06134,1552.645386,1258.270874,1201.748169,1446.602661,,,,,,,,,,,,,,,,,,,
123,1.025,1245.401489,1201.931396,1695.61792,1405.652344,315.973572,1525.899902,1088.683105,336.061005,1552.70752,1257.958496,1201.944946,1446.86731,,,,,,,,,,,,,,,,,,,
124,1.033333,1245.674683,1201.921509,1696.02063,1405.690063,315.945679,1525.527588,1088.700806,336.059998,1552.759277,1257.633911,1202.067993,1447.154541,,,,,,,,,,,,,,,,,,,
125,1.041667,1245.939331,1201.91748,1696.41626,1405.718872,315.920929,1525.15564,1088.713257,336.058441,1552.796875,1257.287598,1202.065063,1447.481934,,,,,,,,,,,,,,,,,,,
126,1.05,1246.191772,1201.917725,1696.801636,1405.739868,315.897339,1524.786865,1088.719116,336.056946,1552.818848,1256.94043,1201.988892,1447.830322,,,,,,,,,,,,,,,,,,,
127,1.058333,1246.4198,1201.908813,1697.165527,1405.753784,315.874573,1524.425415,1088.717773,336.055695,1552.825684,1256.625366,1201.941406,1448.164185,,,,,,,,,,,,,,,,,,,
128,1.066667,1246.612549,1201.878662,1697.496338,1405.760864,315.853302,1524.077637,1088.709229,336.054688,1552.817749,1256.358032,1201.972168,1448.466919,,,,,,,,,,,,,,,,,,,
129,1.075,1246.779297,1201.840942,1697.803345,1405.762573,315.833557,1523.748901,1088.692139,336.054596,1552.795288,1256.137939,1202.081665,1448.738037,,,,,,,,,,,,,,,,,,,
130,1.083333,1246.929077,1201.808838,1698.09668,1405.760376,315.816101,1523.442993,1088.667236,336.055084,1552.759277,1255.964722,1202.277954,1448.977051,,,,,,,,,,,,,,,,,,,
131,1.091667,1247.059692,1201.780396,1698.377197,1405.755859,315.802887,1523.164673,1088.637939,336.055298,1552.71167,1255.826782,1202.520508,1449.19751,,,,,,,,,,,,,,,,,,,
132,1.1,1247.168945,1201.75415,1698.64563,1405.749878,315.795563,1522.918091,1088.607056,336.055542,1552.654053,1255.701172,1202.715576,1449.43042,,,,,,,,,,,,,,,,,,,
133,1.108333,1247.254517,1201.728027,1698.900879,1405.74292,315.794464,1522.706177,1088.57605,336.055878,1552.588867,1255.576782,1202.817993,1449.689941,,,,,,,,,,,,,,,,,,,
134,1.116667,1247.316284,1201.701416,1699.143066,1405.734131,315.798248,1522.530029,1088.546265,336.05661,1552.517944,1255.454224,1202.828003,1449.973389,,,,,,,,,,,,,,,,,,,
135,1.125,1247.35498,1201.67395,1699.37207,1405.723022,315.80426,1522.390747,1088.519409,336.057892,1552.442505,1255.331909,1202.736328,1450.280151,,,,,,,,,,,,,,,,,,,
136,1.133333,1247.370728,1201.645386,1699.58667,1405.70874,315.810303,1522.288208,1088.49646,336.059418,1552.364502,1255.221069,1202.580811,1450.59314,,,,,,,,,,,,,,,,,,,
137,1.141667,1247.362549,1201.614502,1699.784668,1405.691406,315.815582,1522.221924,1088.477417,336.061523,1552.284912,1255.145508,1202.450439,1450.878296,,,,,,,,,,,,,,,,,,,
138,1.15,1247.329834,1201.580444,1699.963257,1405.671265,315.820343,1522.190186,1088.462036,336.064667,1552.203979,1255.113892,1202.377197,1451.12207,,,,,,,,,,,,,,,,,,,
139,1.158333,1247.273438,1201.543457,1700.120483,1405.649048,315.825073,1522.19104,1088.450195,336.068817,1552.120605,1255.121094,1202.342651,1451.327026,,,,,,,,,,,,,,,,,,,
140,1.166667,1247.193481,1201.504395,1700.255127,1405.625977,315.829651,1522.221802,1088.442261,336.074432,1552.032837,1255.166992,1202.335083,1451.49292,,,,,,,,,,,,,,,,,,,
141,1.175,1247.089722,1201.463135,1700.366821,1405.602051,315.834381,1522.279907,1088.4375,336.081818,1551.938599,1255.252197,1202.346558,1451.619263,,,,,,,,,,,,,,,,,,,
142,1.183333,1246.962036,1201.420044,1700.456299,1405.577881,315.840363,1522.361938,1088.436279,336.090393,1551.834839,1255.376831,1202.369873,1451.706909,,,,,,,,,,,,,,,,,,,
143,1.191667,1246.810425,1201.376099,1700.523926,1405.553589,315.848572,1522.465088,1088.438599,336.100098,1551.71814,1255.54126,1202.399292,1451.756104,,,,,,,,,,,,,,,,,,,
144,1.2,1246.63501,1201.331787,1700.570801,1405.529053,315.858948,1522.585205,1088.444336,336.111023,1551.58667,1255.74646,1202.429443,1451.766113,,,,,,,,,,,,,,,,,,,
145,1.208333,1246.436646,1201.287109,1700.597778,1405.504395,315.872101,1522.718384,1088.451904,336.122742,1551.439819,1255.995605,1202.457153,1451.733887,,,,,,,,,,,,,,,,,,,
146,1.216667,1246.215942,1201.24231,1700.605713,1405.479736,315.888245,1522.862061,1088.459961,336.135132,1551.277588,1256.291992,1202.477661,1451.656616,,,,,,,,,,,,,,,,,,,
147,1.225,1245.973755,1201.197754,1700.595825,1405.455444,315.906342,1523.013672,1088.468262,336.148132,1551.100708,1256.63916,1202.484131,1451.530151,,,,,,,,,,,,,,,,,,,
148,1.233333,1245.711304,1201.154297,1700.569824,1405.431519,315.925629,1523.171265,1088.477783,336.161652,1550.909546,1257.043213,1202.470093,1451.346069,,,,,,,,,,,,,,,,,,,
149,1.241667,1245.430908,1201.112793,1700.529541,1405.408569,315.946075,1523.333252,1088.48877,336.174591,1550.704346,1257.487427,1202.441284,1451.130127,,,,,,,,,,,,,,,,,,,
150,1.25,1245.135742,1201.073364,1700.476685,1405.386963,315.967072,1523.498779,1088.500732,336.186005,1550.485352,1257.928101,1202.416626,1450.945557,,,,,,,,,,,,,,,,,,,
151,1.258333,1244.829102,1201.036499,1700.412476,1405.366211,315.987274,1523.668091,1088.512573,336.195892,1550.254517,1258.343018,1202.402954,1450.821533,,,,,,,,,,,,,,,,,,,
152,1.266667,1244.514038,1201.001953,1700.337158,1405.347046,316.006348,1523.841797,1088.52356,336.204407,1550.013184,1258.730225,1202.396729,1450.753906,,,,,,,,,,,,,,,,,,,
153,1.275,1244.193359,1200.970337,1700.251099,1405.328979,316.023468,1524.020142,1088.533569,336.210999,1549.763062,1259.085693,1202.396118,1450.745972,,,,,,,,,,,,,,,,,,,
154,1.283333,1243.868774,1200.94165,1700.155029,1405.311646,316.03653,1524.202515,1088.543091,336.2146,1549.505859,1259.401733,1202.399048,1450.811157,,,,,,,,,,,,,,,,,,,
155,1.291667,1243.540649,1200.916016,1700.049072,1405.293823,316.044006,1524.386719,1088.552246,336.214233,1549.243896,1259.697021,1202.400146,1450.922363,,,,,,,,,,,,,,,,,,,
156,1.3,1243.207275,1200.89209,1699.932617,1405.275146,316.046082,1524.571533,1088.561523,336.208893,1548.979614,1260.020508,1202.395142,1451.00293,,,,,,,,,,,,,,,,,,,
157,1.308333,1242.866943,1200.869385,1699.805908,1405.255005,316.042633,1524.755737,1088.568848,336.198517,1548.714844,1260.392334,1202.385864,1451.020752,,,,,,,,,,,,,,,,,,,
158,1.316667,1242.520752,1200.848877,1699.67041,1405.233154,316.033478,1524.938477,1088.569214,336.184662,1548.450806,1260.800659,1202.373901,1450.990601,,,,,,,,,,,,,,,,,,,
159,1.325,1242.171143,1200.831299,1699.528442,1405.210449,316.020111,1525.119385,1088.558472,336.169128,1548.187256,1261.23291,1202.356323,1450.927612,,,,,,,,,,,,,,,,,,,
160,1.333333,1241.821655,1200.816162,1699.382202,1405.187622,316.005188,1525.298584,1088.535889,336.152588,1547.924316,1261.674805,1202.329224,1450.844482,,,,,,,,,,,,,,,,,,,
161,1.341667,1241.476929,1200.803101,1699.234009,1405.165039,315.991302,1525.476807,1088.501953,336.135345,1547.662476,1262.116089,1202.290894,1450.749268,,,,,,,,,,,,,,,,,,,
162,1.35,1241.142456,1200.793823,1699.085815,1405.143921,315.981079,1525.653564,1088.455933,336.118591,1547.401611,1262.550293,1202.241333,1450.646729,,,,,,,,,,,,,,,,,,,
163,1.358333,1240.823853,1200.790894,1698.937744,1405.125488,315.976776,1525.828857,1088.397339,336.102051,1547.140625,1262.971802,1202.183472,1450.539551,,,,,,,,,,,,,,,,,,,
164,1.366667,1240.524292,1200.795898,1698.789673,1405.109741,315.979065,1526.002197,1088.327271,336.083344,1546.879395,1263.376831,1202.123413,1450.427612,,,,,,,,,,,,,,,,,,,
165,1.375,1240.246826,1200.808594,1698.642456,1405.095581,315.986206,1526.173584,1088.247192,336.059479,1546.618286,1263.762939,1202.067139,1450.310791,,,,,,,,,,,,,,,,,,,
166,1.383333,1239.993042,1200.828003,1698.495972,1405.080933,315.995422,1526.341187,1088.159058,336.026215,1546.357422,1264.127441,1202.017334,1450.190796,,,,,,,,,,,,,,,,,,,
167,1.391667,1239.762817,1200.851074,1698.349487,1405.064697,316.004669,1526.50293,1088.065796,335.976563,1546.096802,1264.46875,1201.974121,1450.069336,,,,,,,,,,,,,,,,,,,
168,1.4,1239.553589,1200.875244,1698.202515,1405.046265,316.012695,1526.657227,1087.968262,335.902283,1545.834473,1264.785767,1201.937866,1449.947021,,,,,,,,,,,,,,,,,,,
169,1.408333,1239.36377,1200.899414,1698.056152,1405.025391,316.019562,1526.803589,1087.863037,335.793976,1545.565674,1265.079224,1201.908081,1449.82373,,,,,,,,,,,,,,,,,,,
170,1.416667,1239.191284,1200.923096,1697.910278,1405.002686,316.026093,1526.941528,1087.743408,335.639709,1545.284058,1265.349243,1201.883301,1449.699585,,,,,,,,,,,,,,,,,,,
171,1.425,1239.034302,1200.945557,1697.764648,1404.978882,316.03363,1527.070679,1087.599609,335.423035,1544.980713,1265.596436,1201.861206,1449.574707,,,,,,,,,,,,,,,,,,,
172,1.433333,1238.891357,1200.965942,1697.619263,1404.954712,316.043488,1527.190063,1087.445068,335.170227,1544.672119,1265.822021,1201.8396,1449.446899,,,,,,,,,,,,,,,,,,,
173,1.441667,1238.761963,1200.983276,1697.474243,1404.929932,316.055908,1527.298706,1087.316895,334.953674,1544.400757,1266.028076,1201.816162,1449.314209,,,,,,,,,,,,,,,,,,,
174,1.45,1238.646484,1200.997437,1697.329346,1404.904663,316.070465,1527.395142,1087.226807,334.799469,1544.184326,1266.215576,1201.790039,1449.175537,,,,,,,,,,,,,,,,,,,
175,1.458333,1238.545288,1201.008789,1697.184082,1404.878906,316.087006,1527.479004,1087.162109,334.690063,1544.016235,1266.384399,1201.759766,1449.031982,,,,,,,,,,,,,,,,,,,
176,1.466667,1238.458862,1201.017944,1697.037598,1404.851563,316.104126,1527.550049,1087.114136,334.613586,1543.891846,1266.5354,1201.724976,1448.883423,,,,,,,,,,,,,,,,,,,
177,1.475,1238.387939,1201.025757,1696.889893,1404.822388,316.120972,1527.608154,1087.076538,334.562469,1543.807129,1266.670288,1201.6875,1448.729614,,,,,,,,,,,,,,,,,,,
178,1.483333,1238.332642,1201.032593,1696.742432,1404.791626,316.137787,1527.65332,1087.045654,334.531525,1543.757935,1266.789673,1201.647461,1448.572144,,,,,,,,,,,,,,,,,,,
179,1.491667,1238.293091,1201.039185,1696.596313,1404.759644,316.154114,1527.686646,1087.019043,334.517426,1543.740967,1266.893066,1201.604492,1448.413208,,,,,,,,,,,,,,,,,,,
180,1.5,1238.270142,1201.046021,1696.45105,1404.727173,316.169495,1527.708496,1086.996826,334.518524,1543.754028,1266.980469,1201.55835,1448.253906,,,,,,,,,,,,,,,,,,,
181,1.508333,1238.265259,1201.053833,1696.306763,1404.694336,316.183899,1527.720215,1086.97998,334.534241,1543.795166,1267.050537,1201.509033,1448.095459,,,,,,,,,,,,,,,,,,,
182,1.516667,1238.279907,1201.062988,1696.16333,1404.661743,316.197571,1527.722412,1086.970459,334.565521,1543.863403,1267.102905,1201.457886,1447.938477,,,,,,,,,,,,,,,,,,,
183,1.525,1238.315552,1201.073486,1696.020142,1404.630493,316.210876,1527.716553,1086.971069,334.615631,1543.958252,1267.138794,1201.408936,1447.781616,,,,,,,,,,,,,,,,,,,
184,1.533333,1238.373047,1201.085449,1695.876709,1404.600464,316.223602,1527.703979,1086.985352,334.689789,1544.080566,1267.15918,1201.365234,1447.623169,,,,,,,,,,,,,,,,,,,
185,1.541667,1238.451904,1201.0979,1695.733276,1404.572266,316.235718,1527.686523,1087.018921,334.796692,1544.232178,1267.164551,1201.328979,1447.462036,,,,,,,,,,,,,,,,,,,
186,1.55,1238.551025,1201.110352,1695.590942,1404.545776,316.24762,1527.665283,1087.079956,334.948761,1544.416992,1267.15564,1201.303223,1447.297485,,,,,,,,,,,,,,,,,,,
187,1.558333,1238.668457,1201.123413,1695.452026,1404.521729,316.259308,1527.641113,1087.178589,335.162384,1544.641602,1267.133301,1201.290894,1447.128174,,,,,,,,,,,,,,,,,,,
188,1.566667,1238.802002,1201.137451,1695.319458,1404.499756,316.270905,1527.61499,1087.300781,335.410919,1544.887939,1267.099976,1201.295532,1446.953369,,,,,,,,,,,,,,,,,,,
189,1.575,1238.948242,1201.15271,1695.194946,1404.47998,316.282806,1527.587769,1087.406128,335.621765,1545.112793,1267.058105,1201.321777,1446.773315,,,,,,,,,,,,,,,,,,,
190,1.583333,1239.104858,1201.168457,1695.078003,1404.462158,316.294647,1527.560181,1087.478394,335.766846,1545.300171,1267.010254,1201.375488,1446.587769,,,,,,,,,,,,,,,,,,,
191,1.591667,1239.269775,1201.18457,1694.967773,1404.445313,316.305939,1527.532593,1087.525513,335.859589,1545.457886,1266.960327,1201.466675,1446.395142,,,,,,,,,,,,,,,,,,,
192,1.6,1239.440186,1201.201294,1694.863525,1404.429565,316.316132,1527.505127,1087.55249,335.90799,1545.591797,1266.914917,1201.610229,1446.189941,,,,,,,,,,,,,,,,,,,
193,1.608333,1239.613403,1201.217529,1694.764893,1404.414673,316.325134,1527.478271,1087.561646,335.915985,1545.706299,1266.881836,1201.826782,1445.964478,,,,,,,,,,,,,,,,,,,
194,1.616667,1239.78833,1201.232178,1694.671265,1404.400879,316.33313,1527.452515,1087.55188,335.884094,1545.802612,1266.854004,1202.085205,1445.729126,,,,,,,,,,,,,,,,,,,
195,1.625,1239.964844,1201.245361,1694.582153,1404.388306,316.339905,1527.428101,1087.519165,335.809448,1545.877686,1266.80835,1202.298462,1445.512939,,,,,,,,,,,,,,,,,,,
196,1.633333,1240.143188,1201.25647,1694.496338,1404.37793,316.345581,1527.40564,1087.490234,335.728821,1545.95459,1266.737793,1202.435181,1445.325073,,,,,,,,,,,,,,,,,,,
197,1.641667,1240.32373,1201.265747,1694.413086,1404.369629,316.350159,1527.38501,1087.490601,335.679291,1546.055908,1266.649658,1202.516602,1445.158081,,,,,,,,,,,,,,,,,,,
198,1.65,1240.506836,1201.272461,1694.330811,1404.363525,316.353424,1527.366089,1087.517212,335.656036,1546.177612,1266.549683,1202.557983,1445.006836,,,,,,,,,,,,,,,,,,,
199,1.658333,1240.691772,1201.276489,1694.248413,1404.359619,316.355072,1527.348511,1087.605957,335.697174,1546.349731,1266.442993,1202.570679,1444.867065,,,,,,,,,,,,,,,,,,,
200,1.666667,1240.877686,1201.278198,1694.166016,1404.358276,316.355164,1527.33252,1087.758789,335.807404,1546.574707,1266.332642,1202.562744,1444.735718,,,,,,,,,,,,,,,,,,,
201,1.675,1241.063721,1201.277466,1694.084717,1404.359619,316.353638,1527.318481,1087.911133,335.917145,1546.795654,1266.219971,1202.538818,1444.612427,,,,,,,,,,,,,,,,,,,
202,1.683333,1241.249268,1201.274658,1694.005127,1404.363281,316.350708,1527.305908,1088.036011,335.99762,1546.987061,1266.10498,1202.502075,1444.497559,,,,,,,,,,,,,,,,,,,
203,1.691667,1241.434448,1201.270752,1693.927856,1404.369629,316.346619,1527.294556,1088.140869,336.057098,1547.154541,1265.987793,1202.453613,1444.391235,,,,,,,,,,,,,,,,,,,
204,1.7,1241.620117,1201.266602,1693.853271,1404.378296,316.341461,1527.282959,1088.229858,336.102173,1547.302124,1265.868286,1202.393188,1444.293457,,,,,,,,,,,,,,,,,,,
205,1.708333,1241.807373,1201.263794,1693.782593,1404.389404,316.335205,1527.270386,1088.305542,336.138062,1547.432373,1265.745361,1202.317871,1444.204834,,,,,,,,,,,,,,,,,,,
206,1.716667,1241.997437,1201.262939,1693.717163,1404.402954,316.327881,1527.256104,1088.370483,336.168152,1547.547852,1265.616577,1202.222168,1444.126953,,,,,,,,,,,,,,,,,,,
207,1.725,1242.19104,1201.265137,1693.658813,1404.418457,316.319641,1527.239502,1088.42749,336.193878,1547.650879,1265.479004,1202.098877,1444.06311,,,,,,,,,,,,,,,,,,,
208,1.733333,1242.388306,1201.271484,1693.609131,1404.435303,316.311005,1527.220337,1088.479492,336.21582,1547.743652,1265.331299,1201.938599,1444.016602,,,,,,,,,,,,,,,,,,,
209,1.741667,1242.589478,1201.283813,1693.568604,1404.452759,316.302002,1527.19873,1088.526733,336.234467,1547.827515,1265.170898,1201.727417,1443.994263,,,,,,,,,,,,,,,,,,,
210,1.75,1242.795654,1201.302979,1693.537231,1404.469971,316.292419,1527.174072,1088.569458,336.251099,1547.903442,1264.991821,1201.444214,1444.004761,,,,,,,,,,,,,,,,,,,
211,1.758333,1243.007202,1201.329712,1693.514526,1404.486328,316.282349,1527.146118,1088.608521,336.267212,1547.972778,1264.804565,1201.120972,1444.037476,,,,,,,,,,,,,,,,,,,
212,1.766667,1243.223267,1201.363892,1693.500122,1404.501587,316.27243,1527.114136,1088.64502,336.281952,1548.037231,1264.637207,1200.846069,1444.060913,,,,,,,,,,,,,,,,,,,
213,1.775,1243.441895,1201.406006,1693.494385,1404.515991,316.262909,1527.077393,1088.680054,336.29422,1548.097778,1264.50061,1200.652466,1444.063843,,,,,,,,,,,,,,,,,,,
214,1.783333,1243.662476,1201.457397,1693.498779,1404.529297,316.253967,1527.035889,1088.714355,336.304932,1548.156128,1264.388306,1200.520508,1444.053589,,,,,,,,,,,,,,,,,,,
215,1.791667,1243.876587,1201.505981,1693.504272,1404.54187,316.24527,1526.98938,1088.747437,336.314972,1548.213623,1264.294678,1200.435425,1444.035034,,,,,,,,,,,,,,,,,,,
216,1.8,1244.065308,1201.525391,1693.491455,1404.554077,316.236694,1526.937744,1088.778931,336.32431,1548.270752,1264.21582,1200.386719,1444.01123,,,,,,,,,,,,,,,,,,,
217,1.808333,1244.226563,1201.514893,1693.459839,1404.567017,316.22879,1526.88147,1088.809814,336.333221,1548.327759,1264.14917,1200.367798,1443.983398,,,,,,,,,,,,,,,,,,,
218,1.816667,1244.377563,1201.499023,1693.427246,1404.581665,316.221008,1526.821899,1088.840454,336.342163,1548.385376,1264.093994,1200.375732,1443.951782,,,,,,,,,,,,,,,,,,,
219,1.825,1244.525879,1201.488525,1693.400269,1404.598877,316.212738,1526.760132,1088.87085,336.351013,1548.444092,1264.051147,1200.411255,1443.914917,,,,,,,,,,,,,,,,,,,
220,1.833333,1244.67041,1201.480591,1693.376709,1404.619263,316.203033,1526.697266,1088.901367,336.359497,1548.503296,1264.021851,1200.47644,1443.871216,,,,,,,,,,,,,,,,,,,
221,1.841667,1244.810425,1201.473877,1693.355469,1404.642212,316.190063,1526.634033,1088.931274,336.367828,1548.5625,1264.00647,1200.575073,1443.819336,,,,,,,,,,,,,,,,,,,
222,1.85,1244.946289,1201.467896,1693.335938,1404.667236,316.173157,1526.570801,1088.961304,336.375244,1548.62207,1264.00708,1200.71521,1443.755493,,,,,,,,,,,,,,,,,,,
223,1.858333,1245.078003,1201.463501,1693.317627,1404.694092,316.152588,1526.508301,1088.993042,336.380768,1548.682251,1264.026855,1200.908569,1443.675537,,,,,,,,,,,,,,,,,,,
224,1.866667,1245.205444,1201.462158,1693.301514,1404.7229,316.128876,1526.447144,1089.026367,336.385071,1548.743652,1264.070068,1201.171753,1443.573608,,,,,,,,,,,,,,,,,,,
225,1.875,1245.328735,1201.466553,1693.287964,1404.753906,316.103241,1526.387451,1089.061523,336.38858,1548.807373,1264.129883,1201.472778,1443.458984,,,,,,,,,,,,,,,,,,,
226,1.883333,1245.44873,1201.47998,1693.278931,1404.787109,316.076172,1526.3302,1089.100098,336.390717,1548.874146,1264.18689,1201.726807,1443.35791,,,,,,,,,,,,,,,,,,,
227,1.891667,1245.557983,1201.493652,1693.26709,1404.822021,316.047943,1526.276367,1089.142822,336.391663,1548.944336,1264.233887,1201.900879,1443.279907,,,,,,,,,,,,,,,,,,,
228,1.9,1245.649658,1201.49939,1693.244995,1404.858643,316.019226,1526.227295,1089.188843,336.392426,1549.018433,1264.275269,1202.009766,1443.21936,,,,,,,,,,,,,,,,,,,
229,1.908333,1245.735718,1201.515137,1693.224976,1404.897095,315.990967,1526.18396,1089.238281,336.39328,1549.097534,1264.31311,1202.061768,1443.173706,,,,,,,,,,,,,,,,,,,
230,1.916667,1245.819336,1201.545532,1693.209717,1404.9375,315.964264,1526.147705,1089.291626,336.39447,1549.18396,1264.347534,1202.058838,1443.141846,,,,,,,,,,,,,,,,,,,
231,1.925,1245.884888,1201.567993,1693.18335,1404.979736,315.939758,1526.119629,1089.3479,336.397156,1549.280151,1264.391479,1202.053589,1443.106567,,,,,,,,,,,,,,,,,,,
232,1.933333,1245.925171,1201.573486,1693.13855,1405.023438,315.917694,1526.100098,1089.408447,336.401611,1549.38855,1264.457397,1202.098755,1443.051025,,,,,,,,,,,,,,,,,,,
233,1.941667,1245.942627,1201.565308,1693.077637,1405.068604,315.898499,1526.089233,1089.474976,336.408386,1549.511475,1264.530762,1202.137817,1442.993286,,,,,,,,,,,,,,,,,,,
234,1.95,1245.938599,1201.544922,1693.001343,1405.114014,315.882538,1526.08728,1089.547363,336.418488,1549.649902,1264.596558,1202.11377,1442.953125,,,,,,,,,,,,,,,,,,,
235,1.958333,1245.913086,1201.512085,1692.90918,1405.158936,315.869751,1526.093872,1089.627563,336.431458,1549.804688,1264.651855,1202.018921,1442.933594,,,,,,,,,,,,,,,,,,,
236,1.966667,1245.86438,1201.464722,1692.800049,1405.202881,315.859985,1526.107788,1089.715942,336.446808,1549.975586,1264.691895,1201.837891,1442.940796,,,,,,,,,,,,,,,,,,,
237,1.975,1245.789917,1201.399292,1692.671875,1405.245972,315.852478,1526.12793,1089.813721,336.464722,1550.162598,1264.724854,1201.604248,1442.963623,,,,,,,,,,,,,,,,,,,
238,1.983333,1245.686523,1201.311646,1692.521729,1405.28833,315.845917,1526.153442,1089.920288,336.484619,1550.363892,1264.774414,1201.40625,1442.97229,,,,,,,,,,,,,,,,,,,
239,1.991667,1245.560059,1201.209595,1692.355225,1405.329224,315.839478,1526.183716,1090.032715,336.506531,1550.575195,1264.850952,1201.278564,1442.954346,,,,,,,,,,,,,,,,,,,
240,2,1245.424927,1201.114136,1692.188354,1405.368042,315.833649,1526.218262,1090.146484,336.530945,1550.788208,1264.951416,1201.204834,1442.91394,,,,,,,,,,,,,,,,,,,
241,2.008333,1245.287354,1201.032471,1692.027344,1405.404175,315.828644,1526.256836,1090.258301,336.557312,1550.993164,1265.07312,1201.173462,1442.854126,,,,,,,,,,,,,,,,,,,
242,2.016667,1245.144775,1200.960571,1691.869507,1405.43689,315.823425,1526.298706,1090.364868,336.583679,1551.181519,1265.2146,1201.177612,1442.776367,,,,,,,,,,,,,,,,,,,
243,2.025,1244.99646,1200.895264,1691.713257,1405.466675,315.817871,1526.343018,1090.463501,336.608276,1551.346191,1265.374268,1201.213257,1442.681152,,,,,,,,,,,,,,,,,,,
244,2.033333,1244.843384,1200.835327,1691.55835,1405.494263,315.812317,1526.388306,1090.553345,336.630493,1551.481567,1265.551025,1201.278198,1442.57019,,,,,,,,,,,,,,,,,,,
245,2.041667,1244.687256,1200.780273,1691.404663,1405.519409,315.80658,1526.433594,1090.633789,336.649628,1551.582153,1265.74292,1201.373169,1442.444092,,,,,,,,,,,,,,,,,,,
246,2.05,1244.529785,1200.729858,1691.252441,1405.542725,315.80072,1526.478027,1090.702393,336.664917,1551.6427,1265.949219,1201.503052,1442.301636,,,,,,,,,,,,,,,,,,,
247,2.058333,1244.373901,1200.684692,1691.102539,1405.565186,315.794617,1526.521484,1090.756714,336.675537,1551.660278,1266.17041,1201.676392,1442.140625,,,,,,,,,,,,,,,,,,,
248,2.066667,1244.222412,1200.645386,1690.957031,1405.586182,315.787506,1526.562988,1090.796021,336.679108,1551.634155,1266.406128,1201.905151,1441.958496,,,,,,,,,,,,,,,,,,,
249,2.075,1244.077393,1200.612061,1690.817871,1405.606323,315.778931,1526.602661,1090.820923,336.672546,1551.563965,1266.65979,1202.207153,1441.751343,,,,,,,,,,,,,,,,,,,
250,2.083333,1243.940063,1200.583496,1690.686523,1405.625244,315.768738,1526.641357,1090.830566,336.653961,1551.450317,1266.921509,1202.550415,1441.531616,,,,,,,,,,,,,,,,,,,
251,2.091667,1243.811035,1200.558716,1690.563599,1405.644165,315.757507,1526.679199,1090.822388,336.622253,1551.2948,1267.167236,1202.849121,1441.331421,,,,,,,,,,,,,,,,,,,
252,2.1,1243.690186,1200.537231,1690.450073,1405.66394,315.74646,1526.715698,1090.793945,336.576263,1551.098145,1267.386597,1203.072388,1441.163696,,,,,,,,,,,,,,,,,,,
253,2.108333,1243.577515,1200.518677,1690.345825,1405.684448,315.735962,1526.75061,1090.743164,336.513062,1550.859741,1267.583252,1203.239502,1441.024292,,,,,,,,,,,,,,,,,,,
254,2.116667,1243.473755,1200.503052,1690.251221,1405.705444,315.725464,1526.783203,1090.66687,336.428955,1550.578613,1267.760254,1203.364624,1440.910522,,,,,,,,,,,,,,,,,,,
255,2.125,1243.380127,1200.491333,1690.166626,1405.726685,315.714752,1526.813354,1090.560913,336.319153,1550.255127,1267.920776,1203.459717,1440.819458,,,,,,,,,,,,,,,,,,,
256,2.133333,1243.296631,1200.484253,1690.09314,1405.747925,315.704254,1526.840942,1090.420166,336.175507,1549.890625,1268.067993,1203.533691,1440.747925,,,,,,,,,,,,,,,,,,,
257,2.141667,1243.223389,1200.482666,1690.032104,1405.769043,315.693787,1526.865723,1090.237793,335.985687,1549.48645,1268.203735,1203.592041,1440.692993,,,,,,,,,,,,,,,,,,,
258,2.15,1243.160767,1200.488037,1689.985107,1405.789917,315.683289,1526.887817,1090.03479,335.77655,1549.068359,1268.329102,1203.640015,1440.653076,,,,,,,,,,,,,,,,,,,
259,2.158333,1243.099854,1200.489014,1689.943237,1405.810303,315.673035,1526.90686,1089.86084,335.616455,1548.686401,1268.444702,1203.681274,1440.626465,,,,,,,,,,,,,,,,,,,
260,2.166667,1243.031616,1200.473022,1689.896606,1405.8302,315.663177,1526.922485,1089.737793,335.533783,1548.361694,1268.55127,1203.717896,1440.61145,,,,,,,,,,,,,,,,,,,
261,2.175,1242.963989,1200.452393,1689.853638,1405.849731,315.653839,1526.934326,1089.661865,335.52005,1548.090942,1268.649658,1203.750854,1440.606689,,,,,,,,,,,,,,,,,,,
262,2.183333,1242.905151,1200.439331,1689.82251,1405.868774,315.645081,1526.941528,1089.63269,335.573883,1547.874756,1268.740356,1203.780396,1440.611084,,,,,,,,,,,,,,,,,,,
263,2.191667,1242.854858,1200.432617,1689.802368,1405.886475,315.636353,1526.943726,1089.626465,335.655212,1547.688477,1268.824341,1203.806641,1440.622314,,,,,,,,,,,,,,,,,,,
264,2.2,1242.8125,1200.431396,1689.792603,1405.902588,315.62738,1526.939697,1089.593384,335.682373,1547.47937,1268.902588,1203.829102,1440.63916,,,,,,,,,,,,,,,,,,,
265,2.208333,1242.778564,1200.436035,1689.792969,1405.916748,315.618256,1526.929199,1089.534424,335.659515,1547.25,1268.975952,1203.846924,1440.661011,,,,,,,,,,,,,,,,,,,
266,2.216667,1242.754028,1200.448486,1689.803711,1405.928101,315.608734,1526.911377,1089.473633,335.631989,1547.027344,1269.045532,1203.858398,1440.686279,,,,,,,,,,,,,,,,,,,
267,2.225,1242.730835,1200.457764,1689.81604,1405.936646,315.599121,1526.886353,1089.408936,335.599304,1546.806885,1269.11084,1203.859009,1440.714722,,,,,,,,,,,,,,,,,,,
268,2.233333,1242.692017,1200.439209,1689.811768,1405.942749,315.590332,1526.85376,1089.369873,335.603607,1546.618042,1269.169067,1203.841431,1440.747803,,,,,,,,,,,,,,,,,,,
269,2.241667,1242.637451,1200.3927,1689.790161,1405.947144,315.582336,1526.813477,1089.388062,335.690826,1546.493774,1269.217285,1203.795166,1440.788208,,,,,,,,,,,,,,,,,,,
270,2.25,1242.584106,1200.343384,1689.767212,1405.950073,315.575134,1526.765503,1089.439819,335.827118,1546.408813,1269.250854,1203.707275,1440.839844,,,,,,,,,,,,,,,,,,,
271,2.258333,1242.540283,1200.302979,1689.750122,1405.953003,315.568848,1526.709839,1089.473022,335.93808,1546.307251,1269.265015,1203.561035,1440.908569,,,,,,,,,,,,,,,,,,,
272,2.266667,1242.504883,1200.269165,1689.737061,1405.956665,315.56308,1526.646973,1089.463867,335.990112,1546.164917,1269.269409,1203.391479,1440.981445,,,,,,,,,,,,,,,,,,,
273,2.275,1242.476929,1200.240845,1689.726807,1405.960938,315.556976,1526.577881,1089.416016,335.98761,1545.986938,1269.272827,1203.230347,1441.047119,,,,,,,,,,,,,,,,,,,
274,2.283333,1242.456665,1200.217285,1689.719116,1405.965698,315.549896,1526.503784,1089.360962,335.977081,1545.807129,1269.2677,1203.053223,1441.114258,,,,,,,,,,,,,,,,,,,
275,2.291667,1242.444336,1200.197876,1689.714233,1405.970703,315.541412,1526.427002,1089.330078,336.003815,1545.658936,1269.262695,1202.892822,1441.172485,,,,,,,,,,,,,,,,,,,
276,2.3,1242.440674,1200.182861,1689.713013,1405.975952,315.531647,1526.349731,1089.324341,336.068909,1545.544678,1269.266968,1202.783691,1441.210449,,,,,,,,,,,,,,,,,,,
277,2.308333,1242.446289,1200.173096,1689.716553,1405.981567,315.521423,1526.273438,1089.347656,336.177612,1545.46814,1269.275635,1202.710205,1441.234131,,,,,,,,,,,,,,,,,,,
278,2.316667,1242.461792,1200.169189,1689.725708,1405.986694,315.511383,1526.199341,1089.377441,336.29068,1545.405762,1269.286865,1202.661865,1441.246338,,,,,,,,,,,,,,,,,,,
279,2.325,1242.487427,1200.171509,1689.740601,1405.990234,315.50119,1526.128174,1089.392456,336.37027,1545.334229,1269.29895,1202.630249,1441.25,,,,,,,,,,,,,,,,,,,
280,2.333333,1242.523438,1200.180786,1689.761963,1405.991577,315.490082,1526.059937,1089.397339,336.425323,1545.257446,1269.309326,1202.608765,1441.248169,,,,,,,,,,,,,,,,,,,
281,2.341667,1242.570313,1200.198242,1689.789673,1405.990356,315.477692,1525.994873,1089.39502,336.462463,1545.178101,1269.316895,1202.592896,1441.243408,,,,,,,,,,,,,,,,,,,
282,2.35,1242.628784,1200.225586,1689.823975,1405.986938,315.464935,1525.933472,1089.38855,336.485901,1545.098633,1269.321533,1202.580933,1441.237305,,,,,,,,,,,,,,,,,,,
283,2.358333,1242.700562,1200.264282,1689.865356,1405.982422,315.453217,1525.876343,1089.37793,336.500092,1545.021851,1269.323853,1202.572144,1441.231079,,,,,,,,,,,,,,,,,,,
284,2.366667,1242.787476,1200.317383,1689.915527,1405.977051,315.443054,1525.82373,1089.362793,336.508423,1544.950439,1269.324219,1202.56604,1441.225708,,,,,,,,,,,,,,,,,,,
285,2.375,1242.891724,1200.389038,1689.977295,1405.970947,315.434082,1525.775024,1089.345581,336.512238,1544.888672,1269.32373,1202.562866,1441.22168,,,,,,,,,,,,,,,,,,,
286,2.383333,1243.005737,1200.470825,1690.0448,1405.964233,315.426544,1525.729858,1089.328979,336.512665,1544.840454,1269.323853,1202.562378,1441.21875,,,,,,,,,,,,,,,,,,,
287,2.391667,1243.114014,1200.540894,1690.103149,1405.95752,315.420929,1525.687988,1089.31311,336.511292,1544.809814,1269.325195,1202.564087,1441.216431,,,,,,,,,,,,,,,,,,,
288,2.4,1243.209717,1200.59082,1690.146362,1405.951416,315.416656,1525.648682,1089.297485,336.509857,1544.798828,1269.328003,1202.567383,1441.21521,,,,,,,,,,,,,,,,,,,
289,2.408333,1243.293701,1200.622803,1690.175415,1405.945923,315.413635,1525.611694,1089.283447,336.509735,1544.809204,1269.332397,1202.571777,1441.215088,,,,,,,,,,,,,,,,,,,
290,2.416667,1243.365234,1200.636841,1690.189941,1405.941406,315.411865,1525.575684,1089.273071,336.51123,1544.84021,1269.339111,1202.576782,1441.215698,,,,,,,,,,,,,,,,,,,
291,2.425,1243.423828,1200.632935,1690.189697,1405.937622,315.4104,1525.540405,1089.267944,336.514496,1544.890625,1269.348755,1202.581909,1441.217041,,,,,,,,,,,,,,,,,,,
292,2.433333,1243.467529,1200.609863,1690.173828,1405.934937,315.408417,1525.505737,1089.268677,336.519104,1544.958984,1269.362183,1202.58728,1441.218506,,,,,,,,,,,,,,,,,,,
293,2.441667,1243.49353,1200.564331,1690.140137,1405.933472,315.405792,1525.472168,1089.276611,336.523895,1545.043091,1269.380493,1202.592773,1441.219849,,,,,,,,,,,,,,,,,,,
294,2.45,1243.50708,1200.504028,1690.095093,1405.93396,315.402924,1525.439575,1089.29248,336.527954,1545.140625,1269.402954,1202.597656,1441.220581,,,,,,,,,,,,,,,,,,,
295,2.458333,1243.522095,1200.449463,1690.05481,1405.936157,315.400146,1525.408569,1089.317383,336.530579,1545.249756,1269.429565,1202.602173,1441.220093,,,,,,,,,,,,,,,,,,,
296,2.466667,1243.543945,1200.409302,1690.026245,1405.94043,315.397552,1525.379028,1089.352173,336.531006,1545.367432,1269.459839,1202.606934,1441.217651,,,,,,,,,,,,,,,,,,,
297,2.475,1243.57019,1200.379395,1690.00769,1405.946655,315.395752,1525.351563,1089.394531,336.529419,1545.490967,1269.492798,1202.611206,1441.215088,,,,,,,,,,,,,,,,,,,
298,2.483333,1243.598755,1200.357178,1689.997314,1405.953735,315.39502,1525.326538,1089.441772,336.5271,1545.616821,1269.527222,1202.614624,1441.213135,,,,,,,,,,,,,,,,,,,
299,2.491667,1243.627686,1200.341064,1689.994141,1405.960449,315.395233,1525.305176,1089.492065,336.524567,1545.741333,1269.561768,1202.616089,1441.212891,,,,,,,,,,,,,,,,,,,
300,2.5,1243.656128,1200.330078,1689.997681,1405.965698,315.396301,1525.288208,1089.543701,336.521393,1545.860596,1269.595459,1202.615601,1441.21521,,,,,,,,,,,,,,,,,,,
301,2.508333,1243.683228,1200.32312,1690.007568,1405.96875,315.398468,1525.275879,1089.595093,336.517975,1545.972168,1269.629272,1202.614014,1441.21936,,,,,,,,,,,,,,,,,,,
302,2.516667,1243.708496,1200.31897,1690.023315,1405.969604,315.402252,1525.267944,1089.644165,336.515411,1546.073242,1269.66394,1202.612305,1441.224976,,,,,,,,,,,,,,,,,,,
303,2.525,1243.731567,1200.317017,1690.045166,1405.967896,315.40802,1525.264893,1089.688965,336.513947,1546.161987,1269.69873,1202.609375,1441.232666,,,,,,,,,,,,,,,,,,,
304,2.533333,1243.752319,1200.316162,1690.072632,1405.963379,315.41571,1525.266479,1089.728882,336.513641,1546.238037,1269.733521,1202.605469,1441.243408,,,,,,,,,,,,,,,,,,,
305,2.541667,1243.770142,1200.316162,1690.105591,1405.956543,315.425262,1525.272827,1089.763184,336.514832,1546.30127,1269.768677,1202.60022,1441.257446,,,,,,,,,,,,,,,,,,,
306,2.55,1243.784546,1200.317139,1690.142822,1405.947876,315.436768,1525.28418,1089.79126,336.517975,1546.351929,1269.803833,1202.593506,1441.274902,,,,,,,,,,,,,,,,,,,
307,2.558333,1243.79541,1200.318604,1690.183472,1405.937744,315.449799,1525.301392,1089.814087,336.523224,1546.391235,1269.838867,1202.585449,1441.295898,,,,,,,,,,,,,,,,,,,
308,2.566667,1243.802124,1200.31958,1690.22644,1405.926392,315.463409,1525.325317,1089.832764,336.529633,1546.420654,1269.873779,1202.576416,1441.320435,,,,,,,,,,,,,,,,,,,
309,2.575,1243.803589,1200.319458,1690.270996,1405.914185,315.476715,1525.356079,1089.848511,336.535858,1546.443359,1269.908569,1202.565674,1441.348145,,,,,,,,,,,,,,,,,,,
310,2.583333,1243.799561,1200.318481,1690.31665,1405.901611,315.489349,1525.393799,1089.862183,336.540894,1546.463623,1269.942993,1202.553711,1441.378784,,,,,,,,,,,,,,,,,,,
311,2.591667,1243.789795,1200.316772,1690.363281,1405.88916,315.501465,1525.438843,1089.873779,336.54483,1546.485352,1269.977295,1202.541504,1441.411743,,,,,,,,,,,,,,,,,,,
312,2.6,1243.774048,1200.314209,1690.410889,1405.876465,315.512909,1525.491211,1089.882935,336.548004,1546.510986,1270.011597,1202.529785,1441.446533,,,,,,,,,,,,,,,,,,,
313,2.608333,1243.752319,1200.310913,1690.459961,1405.863281,315.523895,1525.551392,1089.890625,336.549866,1546.54187,1270.046265,1202.519165,1441.482544,,,,,,,,,,,,,,,,,,,
314,2.616667,1243.724731,1200.307617,1690.510254,1405.850464,315.535583,1525.619141,1089.898071,336.549774,1546.577881,1270.081665,1202.510132,1441.518921,,,,,,,,,,,,,,,,,,,
315,2.625,1243.690674,1200.304565,1690.560913,1405.837769,315.548859,1525.694214,1089.905273,336.547852,1546.618286,1270.117554,1202.502808,1441.555664,,,,,,,,,,,,,,,,,,,
316,2.633333,1243.650635,1200.302002,1690.61145,1405.824951,315.563812,1525.775757,1089.912354,336.544098,1546.662109,1270.153687,1202.497681,1441.593506,,,,,,,,,,,,,,,,,,,
317,2.641667,1243.604858,1200.301025,1690.662231,1405.810791,315.579926,1525.862915,1089.919556,336.538727,1546.70813,1270.189941,1202.494751,1441.63208,,,,,,,,,,,,,,,,,,,
318,2.65,1243.553711,1200.303223,1690.715088,1405.795044,315.596741,1525.955322,1089.925415,336.533295,1546.755493,1270.227051,1202.495239,1441.670654,,,,,,,,,,,,,,,,,,,
319,2.658333,1243.498169,1200.309448,1690.771729,1405.7771,315.613922,1526.052246,1089.928589,336.529175,1546.804077,1270.264404,1202.499634,1441.710571,,,,,,,,,,,,,,,,,,,
320,2.666667,1243.439331,1200.321167,1690.833496,1405.756958,315.631226,1526.151855,1089.930786,336.525543,1546.85376,1270.301636,1202.507813,1441.753296,,,,,,,,,,,,,,,,,,,
321,2.675,1243.37915,1200.341431,1690.901611,1405.734375,315.647614,1526.253174,1089.933594,336.52124,1546.904663,1270.339111,1202.520142,1441.798584,,,,,,,,,,,,,,,,,,,
322,2.683333,1243.320313,1200.372192,1690.977539,1405.709229,315.662262,1526.355347,1089.937866,336.515991,1546.956787,1270.376953,1202.536011,1441.847168,,,,,,,,,,,,,,,,,,,
323,2.691667,1243.265625,1200.415527,1691.062988,1405.681763,315.675629,1526.457886,1089.943481,336.51001,1547.009155,1270.414795,1202.554932,1441.900146,,,,,,,,,,,,,,,,,,,
324,2.7,1243.218628,1200.475464,1691.159668,1405.65271,315.688171,1526.559937,1089.950073,336.503723,1547.060425,1270.453125,1202.575439,1441.958374,,,,,,,,,,,,,,,,,,,
325,2.708333,1243.174927,1200.545532,1691.262817,1405.622925,315.699829,1526.660034,1089.957031,336.498016,1547.108276,1270.491455,1202.595459,1442.02356,,,,,,,,,,,,,,,,,,,
326,2.716667,1243.120605,1200.606445,1691.358887,1405.592407,315.710419,1526.75708,1089.963013,336.49353,1547.150391,1270.530029,1202.61438,1442.095093,,,,,,,,,,,,,,,,,,,
327,2.725,1243.050415,1200.651611,1691.444458,1405.560791,315.719971,1526.850342,1089.967651,336.489563,1547.185303,1270.568481,1202.632324,1442.171265,,,,,,,,,,,,,,,,,,,
328,2.733333,1242.968018,1200.686523,1691.526001,1405.529053,315.728333,1526.939575,1089.971069,336.485901,1547.213623,1270.606812,1202.648193,1442.251465,,,,,,,,,,,,,,,,,,,
329,2.741667,1242.87561,1200.71582,1691.608887,1405.498169,315.736572,1527.025146,1089.972534,336.48291,1547.235718,1270.644653,1202.661743,1442.334229,,,,,,,,,,,,,,,,,,,
330,2.75,1242.775146,1200.743042,1691.696777,1405.469238,315.746368,1527.107178,1089.971802,336.480194,1547.251587,1270.682007,1202.67334,1442.418213,,,,,,,,,,,,,,,,,,,
331,2.758333,1242.668335,1200.772583,1691.792236,1405.442383,315.757721,1527.186279,1089.968384,336.476898,1547.261353,1270.718506,1202.682739,1442.503662,,,,,,,,,,,,,,,,,,,
332,2.766667,1242.557495,1200.808105,1691.898071,1405.417236,315.769409,1527.262817,1089.962402,336.4729,1547.265015,1270.75415,1202.689453,1442.590698,,,,,,,,,,,,,,,,,,,
333,2.775,1242.444702,1200.852661,1692.017578,1405.393799,315.780884,1527.337402,1089.953247,336.469025,1547.262085,1270.788818,1202.693237,1442.679565,,,,,,,,,,,,,,,,,,,
334,2.783333,1242.33252,1200.910522,1692.155396,1405.372314,315.792114,1527.410278,1089.941162,336.465332,1547.252441,1270.823486,1202.694702,1442.768921,,,,,,,,,,,,,,,,,,,
335,2.791667,1242.221069,1200.976074,1692.303955,1405.352295,315.802979,1527.481689,1089.926392,336.46109,1547.236328,1270.859619,1202.694336,1442.857666,,,,,,,,,,,,,,,,,,,
336,2.8,1242.109131,1201.032104,1692.443359,1405.333374,315.813232,1527.551758,1089.90979,336.456085,1547.214722,1270.897461,1202.692749,1442.943604,,,,,,,,,,,,,,,,,,,
337,2.808333,1241.996582,1201.07251,1692.56604,1405.315918,315.82312,1527.620972,1089.891846,336.450684,1547.188599,1270.937378,1202.691406,1443.025024,,,,,,,,,,,,,,,,,,,
338,2.816667,1241.885254,1201.101318,1692.675781,1405.300049,315.833191,1527.689453,1089.872925,336.444763,1547.159302,1270.978149,1202.69043,1443.101074,,,,,,,,,,,,,,,,,,,
339,2.825,1241.7771,1201.121704,1692.776123,1405.286377,315.843567,1527.757813,1089.853638,336.43811,1547.127319,1271.018066,1202.688477,1443.17334,,,,,,,,,,,,,,,,,,,
340,2.833333,1241.672241,1201.135742,1692.869019,1405.274902,315.853638,1527.825684,1089.83313,336.431519,1547.093384,1271.055542,1202.685059,1443.244141,,,,,,,,,,,,,,,,,,,
341,2.841667,1241.571289,1201.145142,1692.957397,1405.265015,315.863251,1527.893066,1089.811401,336.425354,1547.057129,1271.089355,1202.680542,1443.314819,,,,,,,,,,,,,,,,,,,
342,2.85,1241.474243,1201.151123,1693.043091,1405.256592,315.873352,1527.959106,1089.789551,336.419678,1547.019653,1271.118652,1202.675171,1443.38623,,,,,,,,,,,,,,,,,,,
343,2.858333,1241.381104,1201.154907,1693.127686,1405.24939,315.884155,1528.023071,1089.767212,336.415466,1546.981201,1271.143188,1202.668701,1443.458618,,,,,,,,,,,,,,,,,,,
344,2.866667,1241.291504,1201.157837,1693.212158,1405.241943,315.895447,1528.084839,1089.743774,336.412903,1546.941772,1271.162598,1202.661133,1443.531616,,,,,,,,,,,,,,,,,,,
345,2.875,1241.205444,1201.1604,1693.297852,1405.233765,315.907684,1528.144165,1089.718994,336.411499,1546.901123,1271.177368,1202.653809,1443.604736,,,,,,,,,,,,,,,,,,,
346,2.883333,1241.123169,1201.163574,1693.385376,1405.224976,315.921082,1528.200562,1089.694092,336.410736,1546.861084,1271.187012,1202.646851,1443.678589,,,,,,,,,,,,,,,,,,,
347,2.891667,1241.0448,1201.16748,1693.474365,1405.21521,315.934906,1528.253906,1089.669434,336.410217,1546.823486,1271.190308,1202.639404,1443.754272,,,,,,,,,,,,,,,,,,,
348,2.9,1240.969727,1201.172485,1693.56543,1405.204468,315.948456,1528.304321,1089.645142,336.409882,1546.790527,1271.186035,1202.630737,1443.832397,,,,,,,,,,,,,,,,,,,
349,2.908333,1240.898193,1201.178467,1693.657349,1405.192139,315.961761,1528.352173,1089.622437,336.40921,1546.763672,1271.174561,1202.621216,1443.912231,,,,,,,,,,,,,,,,,,,
350,2.916667,1240.829712,1201.184814,1693.749756,1405.178589,315.975098,1528.397461,1089.602417,336.407196,1546.744873,1271.156372,1202.611328,1443.99353,,,,,,,,,,,,,,,,,,,
351,2.925,1240.76416,1201.191528,1693.841431,1405.164185,315.988525,1528.440552,1089.586182,336.403778,1546.735352,1271.132324,1202.601563,1444.075562,,,,,,,,,,,,,,,,,,,
352,2.933333,1240.701172,1201.198608,1693.932373,1405.148804,316.00174,1528.481445,1089.572021,336.399872,1546.734985,1271.102539,1202.593018,1444.15686,,,,,,,,,,,,,,,,,,,
353,2.941667,1240.640991,1201.206299,1694.023315,1405.132202,316.01413,1528.519531,1089.558838,336.395966,1546.742065,1271.067749,1202.586426,1444.236328,,,,,,,,,,,,,,,,,,,
354,2.95,1240.583862,1201.214233,1694.114746,1405.11438,316.025513,1528.554077,1089.546997,336.391693,1546.75647,1271.029053,1202.582275,1444.313232,,,,,,,,,,,,,,,,,,,
355,2.958333,1240.529419,1201.222046,1694.206055,1405.095703,316.035828,1528.584961,1089.536499,336.387207,1546.777588,1270.985718,1202.57959,1444.387939,,,,,,,,,,,,,,,,,,,
356,2.966667,1240.477051,1201.229858,1694.297852,1405.076782,316.045807,1528.612183,1089.525879,336.383179,1546.803223,1270.936279,1202.577515,1444.460693,,,,,,,,,,,,,,,,,,,
357,2.975,1240.427002,1201.237305,1694.390381,1405.057861,316.055847,1528.634888,1089.515015,336.379425,1546.831787,1270.880005,1202.575317,1444.531982,,,,,,,,,,,,,,,,,,,
358,2.983333,1240.379028,1201.243896,1694.483643,1405.039185,316.065186,1528.653076,1089.50415,336.375641,1546.861816,1270.817505,1202.573364,1444.601318,,,,,,,,,,,,,,,,,,,
359,2.991667,1240.332642,1201.249023,1694.575806,1405.02063,316.073273,1528.666626,1089.493774,336.371735,1546.892822,1270.749756,1202.572632,1444.667725,,,,,,,,,,,,,,,,,,,
360,3,1240.28772,1201.252197,1694.665161,1405.002075,316.080536,1528.675781,1089.483276,336.367493,1546.922974,1270.675903,1202.571777,1444.731812,,,,,,,,,,,,,,,,,,,
361,3.008333,1240.244141,1201.252075,1694.750366,1404.984131,316.087646,1528.680664,1089.471558,336.362823,1546.951782,1270.595215,1202.56958,1444.7948,,,,,,,,,,,,,,,,,,,
362,3.016667,1240.201416,1201.246338,1694.828857,1404.966309,316.094482,1528.681519,1089.458618,336.35791,1546.979248,1270.509033,1202.566162,1444.856079,,,,,,,,,,,,,,,,,,,
363,3.025,1240.157837,1201.232422,1694.898804,1404.948853,316.101044,1528.678955,1089.443726,336.35321,1547.004639,1270.418945,1202.56189,1444.915039,,,,,,,,,,,,,,,,,,,
364,3.033333,1240.110962,1201.206909,1694.957886,1404.932129,316.107544,1528.673218,1089.427368,336.348602,1547.027222,1270.325806,1202.556885,1444.971436,,,,,,,,,,,,,,,,,,,
365,3.041667,1240.057617,1201.165283,1695.002075,1404.91626,316.113892,1528.664795,1089.410522,336.343628,1547.048096,1270.229126,1202.550903,1445.025146,,,,,,,,,,,,,,,,,,,
366,3.05,1239.993408,1201.10144,1695.025146,1404.900879,316.119995,1528.655151,1089.393555,336.338226,1547.067017,1270.128296,1202.544067,1445.076172,,,,,,,,,,,,,,,,,,,
367,3.058333,1239.914673,1201.006958,1695.020264,1404.886108,316.126251,1528.644775,1089.375732,336.332703,1547.082886,1270.02356,1202.537354,1445.124878,,,,,,,,,,,,,,,,,,,
368,3.066667,1239.829834,1200.89563,1695,1404.871582,316.132538,1528.634644,1089.355591,336.327789,1547.094604,1269.915161,1202.530029,1445.171509,,,,,,,,,,,,,,,,,,,
369,3.075,1239.758057,1200.803345,1694.997437,1404.857422,316.138245,1528.625,1089.33313,336.323792,1547.100952,1269.803101,1202.522339,1445.216309,,,,,,,,,,,,,,,,,,,
370,3.083333,1239.706421,1200.744629,1695.024902,1404.84375,316.144043,1528.616455,1089.308838,336.320801,1547.10083,1269.687378,1202.515137,1445.259521,,,,,,,,,,,,,,,,,,,
371,3.091667,1239.670776,1200.712524,1695.075684,1404.830933,316.150513,1528.609131,1089.284058,336.318512,1547.094849,1269.568359,1202.509033,1445.301392,,,,,,,,,,,,,,,,,,,
372,3.1,1239.648438,1200.702393,1695.145386,1404.818726,316.157257,1528.603516,1089.259033,336.316101,1547.083862,1269.446289,1202.504761,1445.342041,,,,,,,,,,,,,,,,,,,
373,3.108333,1239.637695,1200.711548,1695.2323,1404.807129,316.164307,1528.599365,1089.234009,336.313171,1547.069458,1269.321045,1202.50293,1445.381592,,,,,,,,,,,,,,,,,,,
374,3.116667,1239.637695,1200.739502,1695.335815,1404.795776,316.171448,1528.596558,1089.20813,336.31073,1547.053223,1269.19397,1202.503784,1445.420166,,,,,,,,,,,,,,,,,,,
375,3.125,1239.648682,1200.78833,1695.457031,1404.784546,316.178284,1528.594727,1089.180664,336.30899,1547.036377,1269.065308,1202.506592,1445.45813,,,,,,,,,,,,,,,,,,,
376,3.133333,1239.65979,1200.83728,1695.576904,1404.773193,316.184753,1528.593872,1089.152954,336.306793,1547.020508,1268.933716,1202.51001,1445.497192,,,,,,,,,,,,,,,,,,,
377,3.141667,1239.647583,1200.840942,1695.655029,1404.761597,316.190552,1528.59314,1089.125977,336.304138,1547.007568,1268.800171,1202.513916,1445.536865,,,,,,,,,,,,,,,,,,,
378,3.15,1239.612305,1200.798462,1695.690552,1404.749756,316.195953,1528.591919,1089.100464,336.301361,1546.998657,1268.665894,1202.518066,1445.576904,,,,,,,,,,,,,,,,,,,
379,3.158333,1239.576416,1200.753296,1695.722412,1404.738403,316.201202,1528.589355,1089.076538,336.298401,1546.994263,1268.532837,1202.523315,1445.616211,,,,,,,,,,,,,,,,,,,
380,3.166667,1239.549438,1200.723633,1695.7677,1404.727173,316.20575,1528.585449,1089.053955,336.295807,1546.994873,1268.401978,1202.530273,1445.654053,,,,,,,,,,,,,,,,,,,
381,3.175,1239.527832,1200.704468,1695.822144,1404.716431,316.209717,1528.580078,1089.033813,336.293488,1547.001221,1268.273438,1202.539185,1445.690674,,,,,,,,,,,,,,,,,,,
382,3.183333,1239.509766,1200.692993,1695.883057,1404.705688,316.213684,1528.573364,1089.017822,336.290436,1547.014771,1268.147095,1202.549683,1445.726318,,,,,,,,,,,,,,,,,,,
383,3.191667,1239.49353,1200.687256,1695.948608,1404.695068,316.217407,1528.565552,1089.006958,336.286346,1547.037231,1268.022339,1202.560547,1445.761475,,,,,,,,,,,,,,,,,,,
384,3.2,1239.477661,1200.685181,1696.018188,1404.684814,316.219849,1528.556519,1089.000732,336.281891,1547.070435,1267.898804,1202.570801,1445.796387,,,,,,,,,,,,,,,,,,,
385,3.208333,1239.460571,1200.685181,1696.09082,1404.675171,316.220337,1528.546265,1088.99939,336.278259,1547.115356,1267.776855,1202.57959,1445.831177,,,,,,,,,,,,,,,,,,,
386,3.216667,1239.44104,1200.686401,1696.165405,1404.666016,316.218201,1528.534668,1089.00354,336.275848,1547.173096,1267.657349,1202.587402,1445.865967,,,,,,,,,,,,,,,,,,,
387,3.225,1239.417847,1200.68811,1696.241211,1404.658081,316.213104,1528.521851,1089.014038,336.27478,1547.245605,1267.540527,1202.594482,1445.901001,,,,,,,,,,,,,,,,,,,
388,3.233333,1239.388794,1200.689209,1696.318848,1404.651733,316.204407,1528.50769,1089.030762,336.276794,1547.334473,1267.425415,1202.600708,1445.938599,,,,,,,,,,,,,,,,,,,
389,3.241667,1239.352173,1200.689575,1696.398926,1404.647827,316.190552,1528.49231,1089.055054,336.284515,1547.441772,1267.311035,1202.606812,1445.980347,,,,,,,,,,,,,,,,,,,
390,3.25,1239.307251,1200.688721,1696.482178,1404.647339,316.170502,1528.476196,1089.088867,336.300385,1547.571289,1267.197144,1202.614014,1446.026978,,,,,,,,,,,,,,,,,,,
391,3.258333,1239.253296,1200.686401,1696.568481,1404.652466,316.14444,1528.459839,1089.134521,336.327209,1547.728516,1267.082275,1202.623047,1446.080933,,,,,,,,,,,,,,,,,,,
392,3.266667,1239.189819,1200.682495,1696.657593,1404.665527,316.111877,1528.442505,1089.196777,336.366119,1547.920776,1266.966064,1202.634399,1446.145508,,,,,,,,,,,,,,,,,,,
393,3.275,1239.115112,1200.676514,1696.749512,1404.688721,316.072083,1528.422729,1089.281616,336.415527,1548.156738,1266.849609,1202.650269,1446.2229,,,,,,,,,,,,,,,,,,,
394,3.283333,1239.027344,1200.668457,1696.845459,1404.725342,316.024872,1528.398315,1089.392334,336.473907,1548.445068,1266.734619,1202.672363,1446.315552,,,,,,,,,,,,,,,,,,,
395,3.291667,1238.923218,1200.657715,1696.946899,1404.777466,315.970947,1528.365601,1089.530518,336.540283,1548.79541,1266.621826,1202.701782,1446.427002,,,,,,,,,,,,,,,,,,,
396,3.3,1238.798828,1200.643921,1697.056274,1404.848267,315.912262,1528.319458,1089.697266,336.612305,1549.216919,1266.511963,1202.739136,1446.560791,,,,,,,,,,,,,,,,,,,
397,3.308333,1238.650391,1200.626099,1697.176636,1404.941162,315.851227,1528.253662,1089.892944,336.685577,1549.717896,1266.406494,1202.786499,1446.717163,,,,,,,,,,,,,,,,,,,
398,3.316667,1238.473145,1200.603882,1697.310547,1405.058472,315.790588,1528.161987,1090.114746,336.755219,1550.300415,1266.307861,1202.846436,1446.894165,,,,,,,,,,,,,,,,,,,
399,3.325,1238.261475,1200.576416,1697.460693,1405.200806,315.735016,1528.039185,1090.349243,336.817963,1550.949951,1266.216553,1202.920532,1447.091675,,,,,,,,,,,,,,,,,,,
400,3.333333,1238.008911,1200.542847,1697.628052,1405.368164,315.689362,1527.88269,1090.574097,336.868011,1551.640869,1266.132568,1203.011108,1447.308838,,,,,,,,,,,,,,,,,,,
401,3.341667,1237.710693,1200.50293,1697.813477,1405.558594,315.656952,1527.692505,1090.771606,336.893555,1552.352295,1266.056152,1203.12207,1447.542847,,,,,,,,,,,,,,,,,,,
402,3.35,1237.363647,1200.456665,1698.016724,1405.769287,315.640564,1527.470581,1090.933594,336.880768,1553.069458,1265.98584,1203.256226,1447.791504,,,,,,,,,,,,,,,,,,,
403,3.358333,1236.967651,1200.404785,1698.236938,1405.997192,315.642151,1527.218994,1091.087646,336.864655,1553.803711,1265.91748,1203.417114,1448.054077,,,,,,,,,,,,,,,,,,,
404,3.366667,1236.5271,1200.348755,1698.473389,1406.235962,315.661011,1526.941162,1091.255859,336.889282,1554.56604,1265.846313,1203.609375,1448.330688,,,,,,,,,,,,,,,,,,,
405,3.375,1236.047852,1200.29126,1698.727051,1406.473267,315.693512,1526.644409,1091.390991,336.919922,1555.314209,1265.771362,1203.841797,1448.616943,,,,,,,,,,,,,,,,,,,
406,3.383333,1235.532959,1200.235596,1699.001953,1406.694946,315.736664,1526.336914,1091.452271,336.92395,1556.010254,1265.69397,1204.126709,1448.906982,,,,,,,,,,,,,,,,,,,
407,3.391667,1234.983887,1200.185425,1699.302368,1406.890625,315.790222,1526.022949,1091.440552,336.910095,1556.650024,1265.60083,1204.421265,1449.212158,,,,,,,,,,,,,,,,,,,
408,3.4,1234.404785,1200.144653,1699.631958,1407.054077,315.853271,1525.703369,1091.359863,336.885712,1557.231934,1265.460938,1204.624146,1449.564331,,,,,,,,,,,,,,,,,,,
409,3.408333,1233.792603,1200.105469,1699.985107,1407.181274,315.92453,1525.379272,1091.218506,336.855164,1557.754395,1265.255005,1204.682739,1449.980835,,,,,,,,,,,,,,,,,,,
410,3.416667,1233.132202,1200.047852,1700.350464,1407.270386,316.005188,1525.054932,1091.028931,336.818878,1558.215942,1264.990234,1204.645142,1450.44751,,,,,,,,,,,,,,,,,,,
411,3.425,1232.415771,1199.955811,1700.715576,1407.322021,316.097778,1524.740112,1090.805664,336.775085,1558.615356,1264.688599,1204.608521,1450.935791,,,,,,,,,,,,,,,,,,,
412,3.433333,1231.647217,1199.826538,1701.075317,1407.336914,316.203308,1524.445313,1090.558105,336.722107,1558.954956,1264.358765,1204.614136,1451.434448,,,,,,,,,,,,,,,,,,,
413,3.441667,1230.84314,1199.690063,1701.457397,1407.316406,316.321564,1524.179565,1090.290771,336.659454,1559.239502,1263.997925,1204.652832,1451.946045,,,,,,,,,,,,,,,,,,,
414,3.45,1230.026123,1199.585571,1701.896484,1407.262207,316.451416,1523.950195,1090.00647,336.588409,1559.47522,1263.606201,1204.718872,1452.470581,,,,,,,,,,,,,,,,,,,
415,3.458333,1229.194092,1199.505493,1702.384277,1407.175781,316.589752,1523.765503,1089.706787,336.511292,1559.668457,1263.180908,1204.805664,1453.010986,,,,,,,,,,,,,,,,,,,
416,3.466667,1228.321045,1199.406372,1702.885132,1407.057617,316.73114,1523.634277,1089.39209,336.42923,1559.827393,1262.718628,1204.906982,1453.570923,,,,,,,,,,,,,,,,,,,
417,3.475,1227.406372,1199.290527,1703.403076,1406.907349,316.870758,1523.564941,1089.061646,336.342499,1559.96106,1262.216675,1205.018799,1454.153442,,,,,,,,,,,,,,,,,,,
418,3.483333,1226.476318,1199.208252,1703.981323,1406.724365,317.005829,1523.563843,1088.713257,336.251526,1560.077271,1261.673462,1205.139404,1454.761108,,,,,,,,,,,,,,,,,,,
419,3.491667,1225.530762,1199.163086,1704.622681,1406.509399,317.136871,1523.636719,1088.345703,336.156891,1560.182251,1261.092285,1205.271851,1455.391724,,,,,,,,,,,,,,,,,,,
420,3.5,1224.542358,1199.112183,1705.291504,1406.263184,317.266998,1523.788574,1087.959351,336.058319,1560.279297,1260.478027,1205.418945,1456.040161,,,,,,,,,,,,,,,,,,,
421,3.508333,1223.496582,1199.037231,1705.9729,1405.987183,317.400635,1524.023682,1087.556152,335.955139,1560.368774,1259.833496,1205.578979,1456.703125,,,,,,,,,,,,,,,,,,,
422,3.516667,1222.39209,1198.943726,1706.670776,1405.680908,317.540955,1524.344604,1087.137939,335.845795,1560.449463,1259.166382,1205.754028,1457.373291,,,,,,,,,,,,,,,,,,,
423,3.525,1221.228516,1198.836426,1707.387329,1405.340332,317.687622,1524.753296,1086.706787,335.728241,1560.518921,1258.487549,1205.952515,1458.039551,,,,,,,,,,,,,,,,,,,
424,3.533333,1220.005005,1198.71936,1708.122559,1404.959839,317.839172,1525.253418,1086.264771,335.601929,1560.575317,1257.787842,1206.123535,1458.713013,,,,,,,,,,,,,,,,,,,
425,3.541667,1218.720337,1198.595093,1708.876953,1404.536133,317.995972,1525.850952,1085.814941,335.467163,1560.621338,1257.057983,1206.208252,1459.40332,,,,,,,,,,,,,,,,,,,
426,3.55,1217.373413,1198.463257,1709.651978,1404.069946,318.159271,1526.55127,1085.360229,335.3237,1560.661377,1256.322266,1206.255615,1460.075439,,,,,,,,,,,,,,,,,,,
427,3.558333,1215.963867,1198.323242,1710.447876,1403.562134,318.331451,1527.360718,1084.899292,335.170227,1560.701416,1255.574341,1206.317871,1460.740967,,,,,,,,,,,,,,,,,,,
428,3.566667,1214.49292,1198.175659,1711.265869,1403.012329,318.513855,1528.286499,1084.428223,335.0065,1560.747925,1254.762573,1206.391602,1461.478882,,,,,,,,,,,,,,,,,,,
429,3.575,1212.963623,1198.021973,1712.10791,1402.41748,318.702545,1529.336426,1083.943237,334.834747,1560.80603,1253.868164,1206.470703,1462.315918,,,,,,,,,,,,,,,,,,,
430,3.583333,1211.377441,1197.86377,1712.974854,1401.77832,318.896698,1530.521973,1083.443115,334.656433,1560.879028,1252.905151,1206.552002,1463.231445,,,,,,,,,,,,,,,,,,,
431,3.591667,1209.734619,1197.702515,1713.866089,1401.096558,319.100494,1531.858643,1082.927856,334.470184,1560.96936,1251.880981,1206.635986,1464.212402,,,,,,,,,,,,,,,,,,,
432,3.6,1208.036255,1197.53894,1714.779907,1400.37085,319.314789,1533.361938,1082.395264,334.274292,1561.081421,1250.800903,1206.721191,1465.247925,,,,,,,,,,,,,,,,,,,
433,3.608333,1206.283691,1197.371216,1715.716064,1399.601196,319.540375,1535.049194,1081.843384,334.067993,1561.218506,1249.671631,1206.80481,1466.330322,,,,,,,,,,,,,,,,,,,
434,3.616667,1204.478882,1197.19812,1716.67688,1398.788574,319.779572,1536.940186,1081.270874,333.850861,1561.381592,1248.495605,1206.88623,1467.456299,,,,,,,,,,,,,,,,,,,
435,3.625,1202.626343,1197.02002,1717.665161,1397.932129,320.03537,1539.057373,1080.675415,333.622833,1561.569702,1247.273438,1206.967041,1468.623291,,,,,,,,,,,,,,,,,,,
436,3.633333,1200.731201,1196.835571,1718.684082,1397.030762,320.311005,1541.423828,1080.053833,333.38269,1561.783813,1246.007446,1207.046875,1469.827759,,,,,,,,,,,,,,,,,,,
437,3.641667,1198.799194,1196.643433,1719.734131,1396.083496,320.609436,1544.061646,1079.401855,333.128326,1562.026489,1244.696167,1207.127075,1471.066772,,,,,,,,,,,,,,,,,,,
438,3.65,1196.83667,1196.440552,1720.814697,1395.092773,320.934235,1546.993652,1078.714233,332.859589,1562.300171,1243.335693,1207.213989,1472.338135,,,,,,,,,,,,,,,,,,,
439,3.658333,1194.849731,1196.219238,1721.924438,1394.062378,321.289276,1550.24292,1077.98877,332.574432,1562.605713,1241.925293,1207.311157,1473.640991,,,,,,,,,,,,,,,,,,,
440,3.666667,1192.8479,1195.971436,1723.064209,1392.996582,321.681458,1553.8302,1077.227905,332.267731,1562.942627,1240.462402,1207.423706,1474.974487,,,,,,,,,,,,,,,,,,,
441,3.675,1190.845581,1195.69165,1724.235718,1391.898682,322.121887,1557.772461,1076.438354,331.936188,1563.307373,1238.939941,1207.560669,1476.337402,,,,,,,,,,,,,,,,,,,
442,3.683333,1188.857544,1195.37207,1725.438721,1390.770386,322.621094,1562.077515,1075.62439,331.580017,1563.693359,1237.374756,1207.693481,1477.723389,,,,,,,,,,,,,,,,,,,
443,3.691667,1186.895752,1195.002686,1726.671021,1389.612793,323.191895,1566.739136,1074.787964,331.201996,1564.092529,1235.797852,1207.746216,1479.114014,,,,,,,,,,,,,,,,,,,
444,3.7,1184.970703,1194.571411,1727.929443,1388.426758,323.858368,1571.737793,1073.935669,330.805786,1564.494263,1234.217285,1207.68042,1480.499756,,,,,,,,,,,,,,,,,,,
445,3.708333,1183.091797,1194.069214,1729.212769,1387.204834,324.650177,1577.039307,1073.075684,330.393616,1564.888062,1232.639282,1207.517212,1481.887207,,,,,,,,,,,,,,,,,,,
446,3.716667,1181.266602,1193.494141,1730.520874,1385.928955,325.601257,1582.60144,1072.212891,329.968811,1565.267578,1231.07312,1207.275146,1483.281494,,,,,,,,,,,,,,,,,,,
447,3.725,1179.501343,1192.848145,1731.853027,1384.574707,326.755585,1588.384521,1071.357422,329.53598,1565.632813,1229.524658,1206.958008,1484.682129,,,,,,,,,,,,,,,,,,,
448,3.733333,1177.800171,1192.136597,1733.208496,1383.113525,328.1539,1594.359985,1070.522339,329.099365,1565.986572,1228.000122,1206.567749,1486.090454,,,,,,,,,,,,,,,,,,,
449,3.741667,1176.165894,1191.370972,1734.588867,1381.523682,329.829712,1600.512573,1069.713867,328.6651,1566.327393,1226.504761,1206.095215,1487.502197,,,,,,,,,,,,,,,,,,,
450,3.75,1174.597412,1190.565796,1735.995728,1379.79541,331.8013,1606.838013,1068.929443,328.241272,1566.652222,1225.030884,1205.573486,1488.914795,,,,,,,,,,,,,,,,,,,
451,3.758333,1173.088257,1189.736816,1737.43042,1377.92688,334.054657,1613.340576,1068.165283,327.833954,1566.957642,1223.553345,1205.09729,1490.345703,,,,,,,,,,,,,,,,,,,
452,3.766667,1171.632324,1188.901733,1738.895508,1375.924561,336.547943,1620.029053,1067.419556,327.447113,1567.241699,1222.058594,1204.723755,1491.812012,,,,,,,,,,,,,,,,,,,
453,3.775,1170.220459,1188.07959,1740.397217,1373.804077,339.227966,1626.906006,1066.689453,327.0849,1567.505737,1220.567871,1204.412964,1493.308838,,,,,,,,,,,,,,,,,,,
454,3.783333,1168.844727,1187.287231,1741.943115,1371.582764,342.039642,1633.960815,1065.973389,326.751343,1567.75354,1219.097778,1204.126831,1494.83667,,,,,,,,,,,,,,,,,,,
455,3.791667,1167.496582,1186.538574,1743.538696,1369.269531,344.925598,1641.170288,1065.269775,326.449402,1567.990723,1217.642578,1203.882446,1496.41394,,,,,,,,,,,,,,,,,,,
456,3.8,1166.16626,1185.844727,1745.18811,1366.865601,347.832703,1648.502075,1064.579346,326.179413,1568.22522,1216.213013,1203.649902,1498.041748,,,,,,,,,,,,,,,,,,,
457,3.808333,1164.847778,1185.21521,1746.895874,1364.370117,350.720062,1655.922363,1063.908203,325.940033,1568.465332,1214.822266,1203.40625,1499.725098,,,,,,,,,,,,,,,,,,,
458,3.816667,1163.53772,1184.658203,1748.667236,1361.78064,353.550446,1663.400269,1063.26709,325.730927,1568.716675,1213.473999,1203.185059,1501.485962,,,,,,,,,,,,,,,,,,,
459,3.825,1162.233887,1184.179321,1750.509155,1359.097168,356.282074,1670.913818,1062.669067,325.550903,1568.981201,1212.166138,1203.00415,1503.338623,,,,,,,,,,,,,,,,,,,
460,3.833333,1160.931885,1183.782349,1752.427246,1356.326172,358.872375,1678.450073,1062.123779,325.397125,1569.260864,1210.890015,1202.867676,1505.289307,,,,,,,,,,,,,,,,,,,
461,3.841667,1159.624878,1183.466553,1754.426636,1353.484253,361.279785,1686.000122,1061.635498,325.268219,1569.55957,1209.640503,1202.77771,1507.340942,,,,,,,,,,,,,,,,,,,
462,3.85,1158.305786,1183.226318,1756.513062,1350.590454,363.461426,1693.555664,1061.206665,325.164154,1569.882568,1208.408813,1202.730957,1509.494751,,,,,,,,,,,,,,,,,,,
463,3.858333,1156.968994,1183.052979,1758.691528,1347.661621,365.379303,1701.109497,1060.838379,325.083435,1570.23584,1207.187012,1202.71936,1511.751953,,,,,,,,,,,,,,,,,,,
464,3.866667,1155.614014,1182.93689,1760.963989,1344.707642,367.004089,1708.657227,1060.52771,325.021393,1570.627808,1205.970581,1202.731323,1514.114502,,,,,,,,,,,,,,,,,,,
465,3.875,1154.241089,1182.865479,1763.328735,1341.725586,368.311096,1716.199707,1060.270752,324.970886,1571.066895,1204.753052,1202.755615,1516.583496,,,,,,,,,,,,,,,,,,,
466,3.883333,1152.843506,1182.822632,1765.782349,1338.711548,369.287231,1723.743896,1060.06189,324.924957,1571.560791,1203.532349,1202.784912,1519.155029,,,,,,,,,,,,,,,,,,,
467,3.891667,1151.411987,1182.790894,1768.320557,1335.671631,369.937775,1731.299561,1059.895752,324.878113,1572.114746,1202.310547,1202.81543,1521.824829,,,,,,,,,,,,,,,,,,,
468,3.9,1149.943481,1182.755005,1770.942261,1332.615723,370.273682,1738.874268,1059.767578,324.827118,1572.729858,1201.087158,1202.842896,1524.590942,,,,,,,,,,,,,,,,,,,
469,3.908333,1148.438477,1182.701904,1773.646851,1329.552368,370.30307,1746.47168,1059.67334,324.770508,1573.40271,1199.861694,1202.862427,1527.448975,,,,,,,,,,,,,,,,,,,
470,3.916667,1146.894897,1182.619019,1776.429443,1326.490112,370.038086,1754.091919,1059.608154,324.70816,1574.125122,1198.635864,1202.866333,1530.393921,,,,,,,,,,,,,,,,,,,
471,3.925,1145.310303,1182.496582,1779.285767,1323.439209,369.496857,1761.73645,1059.562134,324.641144,1574.88623,1197.413818,1202.846069,1533.423096,,,,,,,,,,,,,,,,,,,
472,3.933333,1143.684814,1182.330444,1782.216919,1320.411011,368.700043,1769.407959,1059.518799,324.572235,1575.676636,1196.198608,1202.794556,1536.536987,,,,,,,,,,,,,,,,,,,
473,3.941667,1142.022583,1182.11792,1785.223999,1317.415894,367.667206,1777.11084,1059.464233,324.503662,1576.490601,1194.98938,1202.707153,1539.737427,,,,,,,,,,,,,,,,,,,
474,3.95,1140.326172,1181.856445,1788.303833,1314.463379,366.415619,1784.849121,1059.396362,324.431183,1577.32605,1193.787231,1202.583008,1543.022949,,,,,,,,,,,,,,,,,,,
475,3.958333,1138.60022,1181.546997,1791.45459,1311.563232,364.963898,1792.628784,1059.323608,324.345581,1578.185181,1192.597778,1202.421387,1546.389038,,,,,,,,,,,,,,,,,,,
476,3.966667,1136.852295,1181.193115,1794.677734,1308.724487,363.332306,1800.45752,1059.252197,324.24231,1579.070679,1191.427002,1202.219116,1549.832031,,,,,,,,,,,,,,,,,,,
477,3.975,1135.085938,1180.798828,1797.974243,1305.953979,361.541504,1808.344727,1059.177002,324.123932,1579.987183,1190.28064,1201.973999,1553.351318,,,,,,,,,,,,,,,,,,,
478,3.983333,1133.30188,1180.366699,1801.34436,1303.255493,359.616974,1816.300781,1059.084106,323.995087,1580.942871,1189.165527,1201.68811,1556.946411,,,,,,,,,,,,,,,,,,,
479,3.991667,1131.507568,1179.899292,1804.791992,1300.630493,357.589569,1824.337524,1058.962769,323.858551,1581.943237,1188.08606,1201.364258,1560.619629,,,,,,,,,,,,,,,,,,,
480,4,1129.71167,1179.398926,1808.320923,1298.078369,355.490387,1832.466919,1058.814087,323.715637,1582.987427,1187.042969,1201.003418,1564.376343,,,,,,,,,,,,,,,,,,,
481,4.008333,1127.914917,1178.86853,1811.932373,1295.596924,353.346863,1840.69751,1058.6427,323.568207,1584.073975,1186.034912,1200.604492,1568.22168,,,,,,,,,,,,,,,,,,,
482,4.016667,1126.119141,1178.313477,1815.629272,1293.183838,351.183105,1849.029785,1058.456543,323.41571,1585.206787,1185.061523,1200.168091,1572.160156,,,,,,,,,,,,,,,,,,,
483,4.025,1124.327393,1177.737793,1819.414551,1290.837158,349.024628,1857.460693,1058.263428,323.256836,1586.39502,1184.124634,1199.695313,1576.195435,,,,,,,,,,,,,,,,,,,
484,4.033333,1122.539917,1177.14209,1823.287842,1288.556763,346.899048,1865.987915,1058.066772,323.093506,1587.645996,1183.225708,1199.183838,1580.329956,,,,,,,,,,,,,,,,,,,
485,4.041667,1120.755493,1176.526611,1827.251221,1286.339966,344.831238,1874.603882,1057.868042,322.927368,1588.96106,1182.365234,1198.63269,1584.565186,,,,,,,,,,,,,,,,,,,
486,4.05,1118.970581,1175.891968,1831.307495,1284.182373,342.845795,1883.293213,1057.665894,322.760071,1590.340088,1181.544067,1198.042969,1588.90271,,,,,,,,,,,,,,,,,,,
487,4.058333,1117.181763,1175.239258,1835.458374,1282.078857,340.967255,1892.035522,1057.455444,322.595184,1591.786133,1180.764526,1197.414307,1593.344604,,,,,,,,,,,,,,,,,,,
488,4.066667,1115.386353,1174.569092,1839.704224,1280.021118,339.212128,1900.80481,1057.238647,322.430573,1593.302856,1180.027466,1196.746948,1597.891479,,,,,,,,,,,,,,,,,,,
489,4.075,1113.582397,1173.881714,1844.045166,1278.001343,337.592255,1909.572388,1057.022583,322.257599,1594.891357,1179.32605,1196.043945,1602.546753,,,,,,,,,,,,,,,,,,,
490,4.083333,1111.767944,1173.178467,1848.481079,1276.009766,336.114655,1918.309692,1056.800659,322.071655,1596.543457,1178.647705,1195.309937,1607.317383,,,,,,,,,,,,,,,,,,,
491,4.091667,1109.940674,1172.461548,1853.011963,1274.03894,334.780151,1926.987549,1056.559082,321.869263,1598.244873,1177.988892,1194.549438,1612.201782,,,,,,,,,,,,,,,,,,,
492,4.1,1108.102051,1171.734375,1857.638062,1272.087036,333.585876,1935.575195,1056.293579,321.640106,1599.984863,1177.350342,1193.765503,1617.194824,,,,,,,,,,,,,,,,,,,
493,4.108333,1106.254639,1171.003174,1862.359375,1270.151733,332.519745,1944.036621,1056.0177,321.428101,1601.789185,1176.731567,1192.961182,1622.293213,,,,,,,,,,,,,,,,,,,
494,4.116667,1104.401123,1170.274414,1867.175781,1268.231567,331.561432,1952.332275,1055.736938,321.279175,1603.683838,1176.130737,1192.13916,1627.49646,,,,,,,,,,,,,,,,,,,
495,4.125,1102.545654,1169.553101,1872.092041,1266.327271,330.68573,1960.422607,1055.424683,321.126221,1605.631104,1175.544189,1191.301392,1632.804199,,,,,,,,,,,,,,,,,,,
496,4.133333,1100.692261,1168.846436,1877.111572,1264.438721,329.863434,1968.268799,1055.061279,320.948059,1607.633057,1174.967651,1190.450806,1638.217285,,,,,,,,,,,,,,,,,,,
497,4.141667,1098.845093,1168.16272,1882.234375,1262.562866,329.067291,1975.836914,1054.657837,320.83252,1609.757202,1174.397095,1189.591064,1643.738525,,,,,,,,,,,,,,,,,,,
498,4.15,1097.00293,1167.507202,1887.461792,1260.696289,328.274475,1983.099365,1054.232666,320.827972,1612.031006,1173.832886,1188.727661,1649.365845,,,,,,,,,,,,,,,,,,,
499,4.158333,1095.162598,1166.883423,1892.795776,1258.837402,327.467224,1990.032471,1053.782959,320.921509,1614.448486,1173.275513,1187.864624,1655.099243,,,,,,,,,,,,,,,,,,,
500,4.166667,1093.32666,1166.297119,1898.238647,1256.989502,326.635376,1996.619629,1053.295776,321.095093,1617.012451,1172.719482,1187.001587,1660.944336,,,,,,,,,,,,,,,,,,,
501,4.175,1091.497925,1165.752686,1903.792847,1255.154541,325.772095,2002.849121,1052.768921,321.343842,1619.728882,1172.160156,1186.135986,1666.905029,,,,,,,,,,,,,,,,,,,
502,4.183333,1089.67334,1165.253418,1909.461304,1253.32959,324.87323,2008.715576,1052.186646,321.657715,1622.607422,1171.598999,1185.269775,1672.980103,,,,,,,,,,,,,,,,,,,
503,4.191667,1087.847778,1164.80249,1915.244629,1251.509521,323.943848,2014.219238,1051.54248,322.03479,1625.667236,1171.040161,1184.407227,1679.167358,,,,,,,,,,,,,,,,,,,
504,4.2,1086.0177,1164.403687,1921.140381,1249.684814,322.998474,2019.366455,1050.842529,322.483429,1628.929443,1170.481812,1183.550537,1685.467896,,,,,,,,,,,,,,,,,,,
505,4.208333,1084.182007,1164.064941,1927.146484,1247.843262,322.053497,2024.177734,1050.081421,323.007965,1632.417358,1169.923096,1182.711914,1691.884644,,,,,,,,,,,,,,,,,,,
506,4.216667,1082.339966,1163.796265,1933.260132,1245.969238,321.123871,2028.695068,1049.256348,323.612885,1636.158203,1169.370728,1181.918213,1698.418823,,,,,,,,,,,,,,,,,,,
507,4.225,1080.487305,1163.606079,1939.474487,1244.049194,320.231262,2032.982544,1048.351929,324.294067,1640.180176,1168.826904,1181.191162,1705.065796,,,,,,,,,,,,,,,,,,,
508,4.233333,1078.616699,1163.502686,1945.778198,1242.076538,319.40802,2037.126099,1047.349487,325.050171,1644.514893,1168.288818,1180.546997,1711.81189,,,,,,,,,,,,,,,,,,,
509,4.241667,1076.724365,1163.494263,1952.158569,1240.059082,318.692261,2041.223755,1046.235962,325.893127,1649.203003,1167.75061,1179.992065,1718.635742,,,,,,,,,,,,,,,,,,,
510,4.25,1074.807617,1163.589844,1958.602173,1238.031982,318.117981,2045.371826,1044.990845,326.83844,1654.295044,1167.205566,1179.529907,1725.515503,,,,,,,,,,,,,,,,,,,
511,4.258333,1072.866455,1163.797729,1965.09375,1236.063477,317.704407,2049.641602,1043.595581,327.90036,1659.844604,1166.657715,1179.184814,1732.43689,,,,,,,,,,,,,,,,,,,
512,4.266667,1070.902832,1164.121338,1971.61731,1234.244629,317.452301,2054.068115,1042.029175,329.043671,1665.866943,1166.112671,1178.977539,1739.387207,,,,,,,,,,,,,,,,,,,
513,4.275,1068.917236,1164.559326,1978.158936,1232.658447,317.343384,2058.650879,1040.269531,330.231354,1672.366333,1165.568359,1178.907104,1746.355225,,,,,,,,,,,,,,,,,,,
514,4.283333,1066.90979,1165.104004,1984.705322,1231.352539,317.34137,2063.359619,1038.294189,331.517334,1679.407227,1165.017578,1178.955933,1753.335693,,,,,,,,,,,,,,,,,,,
515,4.291667,1064.881592,1165.741821,1991.242676,1230.328247,317.399841,2068.137207,1036.075562,332.953247,1687.054077,1164.456665,1179.102295,1760.328735,,,,,,,,,,,,,,,,,,,
516,4.3,1062.830078,1166.456177,1997.756592,1229.554443,317.475494,2072.907227,1033.584229,334.537354,1695.335938,1163.879883,1179.318481,1767.336426,,,,,,,,,,,,,,,,,,,
517,4.308333,1060.750122,1167.227417,2004.233154,1228.98584,317.535767,2077.590088,1030.794922,336.261383,1704.276489,1163.282104,1179.572632,1774.359009,,,,,,,,,,,,,,,,,,,
518,4.316667,1058.635742,1168.031616,2010.661621,1228.571655,317.562836,2082.119385,1027.685181,338.117249,1713.885376,1162.682983,1179.870117,1781.397461,,,,,,,,,,,,,,,,,,,
519,4.325,1056.47937,1168.844727,2017.033569,1228.268188,317.555786,2086.452148,1024.237061,340.107025,1724.157959,1162.10376,1180.217896,1788.449585,,,,,,,,,,,,,,,,,,,
520,4.333333,1054.269287,1169.644897,2023.339478,1228.045288,317.520508,2090.561279,1020.476196,342.173126,1735.082153,1161.55188,1180.600464,1795.508301,,,,,,,,,,,,,,,,,,,
521,4.341667,1051.994507,1170.412842,2029.569092,1227.880371,317.461578,2094.428223,1016.474976,344.199249,1746.63501,1161.021973,1180.981079,1802.559692,,,,,,,,,,,,,,,,,,,
522,4.35,1049.647461,1171.133057,2035.711304,1227.751587,317.383087,2098.035156,1012.282959,346.167267,1758.768555,1160.497681,1181.343628,1809.590088,,,,,,,,,,,,,,,,,,,
523,4.358333,1047.220703,1171.7948,2041.755249,1227.633667,317.288177,2101.362305,1007.922913,348.14801,1771.419434,1159.978027,1181.744385,1816.59729,,,,,,,,,,,,,,,,,,,
524,4.366667,1044.710449,1172.395264,2047.691772,1227.499756,317.182373,2104.390137,1003.420593,350.20755,1784.515503,1159.468872,1182.225464,1823.572876,,,,,,,,,,,,,,,,,,,
525,4.375,1042.116455,1172.941895,2053.512939,1227.329712,317.076447,2107.106934,998.806152,352.401093,1797.979858,1158.970825,1182.790405,1830.498901,,,,,,,,,,,,,,,,,,,
526,4.383333,1039.440552,1173.447632,2059.212158,1227.113159,316.982727,2109.51416,994.117737,354.774933,1811.740845,1158.483154,1183.446899,1837.361938,,,,,,,,,,,,,,,,,,,
527,4.391667,1036.687866,1173.926025,2064.787598,1226.843262,316.909576,2111.629639,989.403137,357.360809,1825.732788,1157.999756,1184.207642,1844.156738,,,,,,,,,,,,,,,,,,,
528,4.4,1033.869995,1174.392578,2070.241211,1226.520508,316.86084,2113.487305,984.723633,360.168945,1839.894165,1157.511108,1185.087402,1850.888306,,,,,,,,,,,,,,,,,,,
529,4.408333,1031.002686,1174.864014,2075.577881,1226.157227,316.837646,2115.133057,980.145935,363.194672,1854.163208,1157.008911,1186.102173,1857.566895,,,,,,,,,,,,,,,,,,,
530,4.416667,1028.106934,1175.355469,2080.803711,1225.766968,316.834137,2116.621338,975.716675,366.418274,1868.469727,1156.486816,1187.220093,1864.182861,,,,,,,,,,,,,,,,,,,
531,4.425,1025.208374,1175.878174,2085.919678,1225.364014,316.841888,2118.008545,971.452148,369.800049,1882.739624,1155.937622,1188.359619,1870.708496,,,,,,,,,,,,,,,,,,,
532,4.433333,1022.326355,1176.433472,2090.929932,1224.960083,316.854309,2119.351074,967.350403,373.288544,1896.898193,1155.352539,1189.484375,1877.137573,,,,,,,,,,,,,,,,,,,
533,4.441667,1019.472473,1177.016968,2095.85083,1224.558838,316.865234,2120.698975,963.396484,376.827393,1910.867188,1154.724487,1190.606445,1883.482544,,,,,,,,,,,,,,,,,,,
534,4.45,1016.653564,1177.630737,2100.702637,1224.15686,316.871735,2122.079834,959.564941,380.358765,1924.575195,1154.046265,1191.733765,1889.755615,,,,,,,,,,,,,,,,,,,
535,4.458333,1013.864136,1178.270996,2105.495117,1223.748047,316.877014,2123.495605,955.829224,383.832581,1937.974243,1153.307007,1192.863403,1895.969116,,,,,,,,,,,,,,,,,,,
536,4.466667,1011.097046,1178.930664,2110.23999,1223.324829,316.8927,2124.921143,952.164734,387.212402,1951.038086,1152.495239,1193.987793,1902.135376,,,,,,,,,,,,,,,,,,,
537,4.475,1008.361084,1179.614136,2114.957764,1222.884766,316.932434,2126.311279,948.549316,390.46344,1963.762573,1151.600464,1195.097778,1908.265991,,,,,,,,,,,,,,,,,,,
538,4.483333,1005.658142,1180.322632,2119.667969,1222.430054,317.000031,2127.617188,944.965698,393.543823,1976.166016,1150.615112,1196.182373,1914.369507,,,,,,,,,,,,,,,,,,,
539,4.491667,1002.966309,1181.042969,2124.378662,1221.9646,317.093994,2128.800293,941.394287,396.402435,1988.275879,1149.542114,1197.235107,1920.45166,,,,,,,,,,,,,,,,,,,
540,4.5,1000.252258,1181.75354,2129.08667,1221.495728,317.213104,2129.841553,937.799072,398.980347,2000.12085,1148.386963,1198.249756,1926.517578,,,,,,,,,,,,,,,,,,,
541,4.508333,997.50293,1182.445923,2133.798096,1221.030151,317.352295,2130.741455,934.126526,401.219482,2011.717773,1147.153076,1199.21814,1932.573242,,,,,,,,,,,,,,,,,,,
542,4.516667,994.71698,1183.116699,2138.52417,1220.569946,317.505554,2131.520996,930.315857,403.064392,2023.062256,1145.844604,1200.131592,1938.624756,,,,,,,,,,,,,,,,,,,
543,4.525,991.875793,1183.745972,2143.260254,1220.112793,317.667206,2132.213135,926.309204,404.461884,2034.143433,1144.466187,1200.983643,1944.673828,,,,,,,,,,,,,,,,,,,
544,4.533333,988.973145,1184.321045,2148.009766,1219.651367,317.829803,2132.856689,922.05957,405.365662,2044.954834,1143.020264,1201.769775,1950.720093,,,,,,,,,,,,,,,,,,,
545,4.541667,986.024048,1184.842285,2152.782227,1219.174194,317.98468,2133.488037,917.535278,405.742249,2055.496094,1141.504395,1202.485718,1956.765137,,,,,,,,,,,,,,,,,,,
546,4.55,983.032898,1185.303467,2157.574219,1218.669189,318.123505,2134.135742,912.725159,405.591003,2065.764404,1139.91626,1203.127563,1962.807983,,,,,,,,,,,,,,,,,,,
547,4.558333,979.993958,1185.695679,2162.382813,1218.128906,318.246552,2134.815186,907.649963,404.951141,2075.742188,1138.255981,1203.692261,1968.845337,,,,,,,,,,,,,,,,,,,
548,4.566667,976.90686,1186.012695,2167.206543,1217.549805,318.361481,2135.532227,902.356628,403.869781,2085.414307,1136.521851,1204.178345,1974.875244,,,,,,,,,,,,,,,,,,,
549,4.575,973.77478,1186.251221,2172.041992,1216.92627,318.470367,2136.287354,896.886353,402.356201,2094.791992,1134.712524,1204.585205,1980.894165,,,,,,,,,,,,,,,,,,,
550,4.583333,970.596191,1186.411865,2176.888428,1216.255005,318.573303,2137.080566,891.275208,400.413696,2103.89209,1132.828735,1204.912842,1986.898926,,,,,,,,,,,,,,,,,,,
551,4.591667,967.369141,1186.496826,2181.747314,1215.536255,318.674561,2137.909912,885.572449,398.092834,2112.709961,1130.850586,1205.156982,1992.899536,,,,,,,,,,,,,,,,,,,
552,4.6,964.084106,1186.501587,2186.612305,1214.7677,318.775726,2138.775879,879.823486,395.443268,2121.239746,1128.74353,1205.313599,1998.918091,,,,,,,,,,,,,,,,,,,
553,4.608333,960.721436,1186.416504,2191.471191,1213.946411,318.877747,2139.680908,874.057739,392.479736,2129.495361,1126.505127,1205.384521,2004.951904,,,,,,,,,,,,,,,,,,,
554,4.616667,957.284729,1186.247925,2196.32251,1213.069214,318.98233,2140.633301,868.293518,389.207153,2137.497803,1124.156738,1205.369141,2010.980103,,,,,,,,,,,,,,,,,,,
555,4.625,953.784302,1186.009033,2201.173584,1212.13269,319.088013,2141.644287,862.551819,385.651489,2145.265137,1121.71167,1205.266846,2016.99353,,,,,,,,,,,,,,,,,,,
556,4.633333,950.205139,1185.698608,2206.015381,1211.133179,319.193634,2142.726318,856.863037,381.863434,2152.806396,1119.175171,1205.079834,2022.991943,,,,,,,,,,,,,,,,,,,
557,4.641667,946.547302,1185.323242,2210.85083,1210.066895,319.299072,2143.894287,851.254333,377.89032,2160.123535,1116.548462,1204.808105,2028.973877,,,,,,,,,,,,,,,,,,,
558,4.65,942.820007,1184.895142,2215.692139,1208.929443,319.403961,2145.159912,845.758179,373.77774,2167.209473,1113.828247,1204.448486,2034.93811,,,,,,,,,,,,,,,,,,,
559,4.658333,939.009155,1184.411743,2220.534424,1207.713989,319.50943,2146.536621,840.442627,369.593964,2174.042236,1111.01001,1203.998413,2040.883545,,,,,,,,,,,,,,,,,,,
560,4.666667,935.101501,1183.868408,2225.369385,1206.414551,319.616486,2148.036377,835.400452,365.424683,2180.599121,1108.089111,1203.457886,2046.809692,,,,,,,,,,,,,,,,,,,
561,4.675,931.09137,1183.266113,2230.196533,1205.029785,319.72876,2149.66748,830.705566,361.332886,2186.87915,1105.063354,1202.828369,2052.717041,,,,,,,,,,,,,,,,,,,
562,4.683333,926.984741,1182.612915,2235.022217,1203.557251,319.849365,2151.434326,826.392029,357.348999,2192.902344,1101.930786,1202.112915,2058.604004,,,,,,,,,,,,,,,,,,,
563,4.691667,922.80304,1181.925659,2239.861572,1201.991943,319.979492,2153.342529,822.454224,353.502991,2198.697266,1098.686035,1201.312622,2064.467041,,,,,,,,,,,,,,,,,,,
564,4.7,918.543762,1181.210449,2244.711914,1200.328735,320.121613,2155.393311,818.835876,349.823303,2204.297119,1095.322876,1200.429199,2070.301514,,,,,,,,,,,,,,,,,,,
565,4.708333,914.17749,1180.45752,2249.551514,1198.564819,320.278534,2157.58667,815.438293,346.315826,2209.734375,1091.838989,1199.468262,2076.104736,,,,,,,,,,,,,,,,,,,
566,4.716667,909.702698,1179.670288,2254.375977,1196.696899,320.454315,2159.92041,812.16571,342.992126,2215.034424,1088.235229,1198.4375,2081.874268,,,,,,,,,,,,,,,,,,,
567,4.725,905.134644,1178.860962,2259.190918,1194.722412,320.65509,2162.395752,808.943237,339.875458,2220.206787,1084.513184,1197.345703,2087.608398,,,,,,,,,,,,,,,,,,,
568,4.733333,900.460449,1178.025757,2263.984375,1192.639771,320.886719,2165.012695,805.718079,336.972809,2225.258545,1080.675415,1196.203125,2093.303711,,,,,,,,,,,,,,,,,,,
569,4.741667,895.66449,1177.164063,2268.745605,1190.446655,321.15213,2167.773193,802.476929,334.299255,2230.197754,1076.724121,1195.019043,2098.960693,,,,,,,,,,,,,,,,,,,
570,4.75,890.745239,1176.285278,2273.469971,1188.142456,321.454803,2170.680664,799.220581,331.875488,2235.033936,1072.662354,1193.802002,2104.582275,,,,,,,,,,,,,,,,,,,
571,4.758333,885.711304,1175.405762,2278.161865,1185.728394,321.80246,2173.736816,795.932556,329.703339,2239.776367,1068.493774,1192.561401,2110.171875,,,,,,,,,,,,,,,,,,,
572,4.766667,880.584656,1174.549805,2282.838135,1183.203003,322.203827,2176.944824,792.588989,327.774567,2244.42334,1064.221802,1191.308105,2115.73291,,,,,,,,,,,,,,,,,,,
573,4.775,875.378235,1173.736572,2287.508545,1180.563843,322.667572,2180.309326,789.16748,326.07431,2248.967773,1059.849365,1190.054565,2121.27124,,,,,,,,,,,,,,,,,,,
574,4.783333,870.092346,1172.979492,2292.174316,1177.808472,323.201935,2183.835693,785.653442,324.593994,2253.400635,1055.382324,1188.815063,2126.793457,,,,,,,,,,,,,,,,,,,
575,4.791667,864.726868,1172.292725,2296.839844,1174.928345,323.817535,2187.534668,782.042114,323.310638,2257.709961,1050.829712,1187.607056,2132.305176,,,,,,,,,,,,,,,,,,,
576,4.8,859.283752,1171.691284,2301.51001,1171.908569,324.526764,2191.420898,778.346191,322.191162,2261.891113,1046.198608,1186.447021,2137.8125,,,,,,,,,,,,,,,,,,,
577,4.808333,853.751526,1171.184326,2306.179443,1168.73291,325.340973,2195.512451,774.602478,321.229919,2265.948242,1041.494629,1185.349854,2143.322021,,,,,,,,,,,,,,,,,,,
578,4.816667,848.119629,1170.780518,2310.84082,1165.381226,326.274902,2199.835449,770.850281,320.420044,2269.887695,1036.720947,1184.327271,2148.837158,,,,,,,,,,,,,,,,,,,
579,4.825,842.408508,1170.501831,2315.501953,1161.828247,327.346954,2204.42334,767.118958,319.756653,2273.712402,1031.879395,1183.390991,2154.358643,,,,,,,,,,,,,,,,,,,
580,4.833333,836.63208,1170.364258,2320.164795,1158.047852,328.575775,2209.315918,763.417175,319.252014,2277.420654,1026.97168,1182.554932,2159.884521,,,,,,,,,,,,,,,,,,,
581,4.841667,830.791809,1170.375,2324.82373,1154.014282,329.98172,2214.559082,759.717834,318.906708,2281.00415,1022.001892,1181.835449,2165.410889,,,,,,,,,,,,,,,,,,,
582,4.85,824.899658,1170.541748,2329.477295,1149.699829,331.584564,2220.202881,755.967834,318.714752,2284.444092,1016.979675,1181.247925,2170.934082,,,,,,,,,,,,,,,,,,,
583,4.858333,818.955139,1170.8573,2334.111572,1145.077393,333.394745,2226.299805,752.122253,318.677917,2287.716064,1011.920837,1180.803711,2176.447754,,,,,,,,,,,,,,,,,,,
584,4.866667,812.966003,1171.313843,2338.715576,1140.12207,335.413208,2232.899414,748.169922,318.795197,2290.812256,1006.839539,1180.502686,2181.947266,,,,,,,,,,,,,,,,,,,
585,4.875,806.945984,1171.900146,2343.283691,1134.809448,337.634796,2240.042969,744.140015,319.039307,2293.745361,1001.739868,1180.330933,2187.430908,,,,,,,,,,,,,,,,,,,
586,4.883333,800.893921,1172.588135,2347.805664,1129.115967,340.048828,2247.757813,740.090942,319.347992,2296.526855,996.619446,1180.2677,2192.897217,,,,,,,,,,,,,,,,,,,
587,4.891667,794.822754,1173.352661,2352.279785,1123.015503,342.634552,2256.057129,736.091492,319.658417,2299.161377,991.4729,1180.289917,2198.345459,,,,,,,,,,,,,,,,,,,
588,4.9,788.749939,1174.167969,2356.704346,1116.480591,345.3591,2264.94043,732.213257,319.942017,2301.656738,986.287964,1180.369385,2203.773926,,,,,,,,,,,,,,,,,,,
589,4.908333,782.684326,1175.000488,2361.075928,1109.484863,348.185699,2274.398193,728.514709,320.178345,2304.020996,981.051331,1180.477417,2209.178223,,,,,,,,,,,,,,,,,,,
590,4.916667,776.621704,1175.812988,2365.389404,1102.00769,351.078033,2284.409912,725.03418,320.339966,2306.256836,975.768738,1180.595947,2214.542725,,,,,,,,,,,,,,,,,,,
591,4.925,770.555847,1176.57312,2369.640869,1094.037231,353.996918,2294.951904,721.804688,320.427399,2308.359619,970.46582,1180.719482,2219.844971,,,,,,,,,,,,,,,,,,,
592,4.933333,764.499817,1177.260742,2373.837646,1085.568726,356.901093,2305.999756,718.847107,320.461609,2310.31958,965.158936,1180.841919,2225.068115,,,,,,,,,,,,,,,,,,,
593,4.941667,758.477234,1177.86145,2377.990234,1076.595093,359.752014,2317.528564,716.157837,320.453613,2312.131348,959.856018,1180.957275,2230.200684,,,,,,,,,,,,,,,,,,,
594,4.95,752.513,1178.368774,2382.107666,1067.10144,362.523804,2329.499023,713.721313,320.416656,2313.801025,954.569458,1181.066895,2235.235107,,,,,,,,,,,,,,,,,,,
595,4.958333,746.615112,1178.776367,2386.189941,1057.069824,365.211273,2341.851807,711.518555,320.374573,2315.341064,949.312256,1181.178223,2240.163818,,,,,,,,,,,,,,,,,,,
596,4.966667,740.790771,1179.086304,2390.233887,1046.485107,367.830658,2354.508057,709.523376,320.349365,2316.770264,944.100403,1181.305298,2244.97998,,,,,,,,,,,,,,,,,,,
597,4.975,735.05365,1179.315552,2394.237793,1035.345215,370.411102,2367.375977,707.700684,320.35434,2318.111328,938.95105,1181.465332,2249.68042,,,,,,,,,,,,,,,,,,,
598,4.983333,729.415894,1179.493286,2398.202637,1023.661377,372.977783,2380.355713,706.005859,320.392731,2319.379639,933.877563,1181.673706,2254.265381,,,,,,,,,,,,,,,,,,,
599,4.991667,723.894104,1179.658691,2402.135498,1011.459717,375.538727,2393.346191,704.389343,320.45993,2320.580811,928.884644,1181.9375,2258.738281,,,,,,,,,,,,,,,,,,,
600,5,718.493774,1179.840088,2406.034668,998.788269,378.086609,2406.254883,702.811279,320.545593,2321.715332,923.968262,1182.257446,2263.107422,,,,,,,,,,,,,,,,,,,
601,5.008333,713.200684,1180.049927,2409.887939,985.722473,380.607269,2419.000488,701.251099,320.6362,2322.784912,919.123535,1182.633789,2267.382813,,,,,,,,,,,,,,,,,,,
602,5.016667,707.991272,1180.291748,2413.680664,972.358704,383.086304,2431.515381,699.709412,320.722015,2323.796143,914.345276,1183.066528,2271.578857,,,,,,,,,,,,,,,,,,,
603,5.025,702.8479,1180.570923,2417.400879,958.806519,385.511414,2443.747314,698.211914,320.812988,2324.756836,909.624451,1183.553345,2275.71167,,,,,,,,,,,,,,,,,,,
604,5.033333,697.75592,1180.894043,2421.039063,945.169495,387.869537,2455.658691,696.792114,320.925842,2325.677734,904.951782,1184.09082,2279.797607,,,,,,,,,,,,,,,,,,,
605,5.041667,692.702393,1181.265259,2424.587646,931.52655,390.153168,2467.229492,695.467957,321.056793,2326.57666,900.318298,1184.673706,2283.8479,,,,,,,,,,,,,,,,,,,
606,5.05,687.673645,1181.687866,2428.04248,917.928955,392.36554,2478.449463,694.242004,321.19754,2327.47583,895.717102,1185.296997,2287.871338,,,,,,,,,,,,,,,,,,,
607,5.058333,682.651489,1182.160034,2431.398926,904.406067,394.522308,2489.299316,693.106262,321.348419,2328.395264,891.147278,1185.958862,2291.875732,,,,,,,,,,,,,,,,,,,
608,5.066667,677.625549,1182.675781,2434.657715,890.970032,396.64209,2499.760254,692.046753,321.510529,2329.342529,886.611572,1186.659912,2295.867188,,,,,,,,,,,,,,,,,,,
609,5.075,672.594543,1183.236572,2437.822266,877.619385,398.714752,2509.828613,691.049377,321.686493,2330.308105,882.109436,1187.39917,2299.846436,,,,,,,,,,,,,,,,,,,
610,5.083333,667.566772,1183.8573,2440.890137,864.352417,400.698212,2519.516357,690.10083,321.881775,2331.277588,877.63385,1188.171631,2303.810547,,,,,,,,,,,,,,,,,,,
611,5.091667,662.560181,1184.549438,2443.855713,851.182556,402.539093,2528.850342,689.200684,322.098785,2332.230469,873.175476,1188.970947,2307.757568,,,,,,,,,,,,,,,,,,,
612,5.1,657.577026,1185.290894,2446.745117,838.135254,404.181091,2537.867432,688.359192,322.339417,2333.14502,868.723938,1189.789307,2311.689453,,,,,,,,,,,,,,,,,,,
613,5.108333,652.581421,1186.04126,2449.599854,825.238647,405.567871,2546.609375,687.580078,322.608582,2334.00708,864.267151,1190.616943,2315.608398,,,,,,,,,,,,,,,,,,,
614,5.116667,647.535767,1186.785889,2452.422852,812.521118,406.647034,2555.115723,686.861084,322.909241,2334.813477,859.797363,1191.445313,2319.516846,,,,,,,,,,,,,,,,,,,
615,5.125,642.445251,1187.516357,2455.215088,800.006714,407.375305,2563.418213,686.198486,323.240326,2335.570801,855.311523,1192.267822,2323.419189,,,,,,,,,,,,,,,,,,,
616,5.133333,637.322327,1188.228394,2457.981934,787.714661,407.724243,2571.537842,685.581787,323.59729,2336.290039,850.811035,1193.078369,2327.320801,,,,,,,,,,,,,,,,,,,
617,5.141667,632.163574,1188.922485,2460.712402,775.66272,407.68103,2579.488281,684.995117,323.970276,2336.987793,846.297852,1193.868652,2331.228516,,,,,,,,,,,,,,,,,,,
618,5.15,626.971924,1189.572632,2463.411865,763.858643,407.241394,2587.280273,684.426758,324.354553,2337.67749,841.771912,1194.630005,2335.147217,,,,,,,,,,,,,,,,,,,
619,5.158333,621.74707,1190.170532,2466.084717,752.300049,406.406097,2594.925781,683.865173,324.74527,2338.366943,837.23468,1195.356567,2339.079834,,,,,,,,,,,,,,,,,,,
620,5.166667,616.484375,1190.736938,2468.718994,740.982788,405.179443,2602.440186,683.291016,325.134003,2339.062744,832.688232,1196.043213,2343.03125,,,,,,,,,,,,,,,,,,,
621,5.175,611.195984,1191.25769,2471.328857,729.901794,403.568054,2609.842041,682.687683,325.516998,2339.77002,828.133423,1196.682983,2347.006348,,,,,,,,,,,,,,,,,,,
622,5.183333,605.897156,1191.715942,2473.939941,719.051819,401.581818,2617.157715,682.045044,325.884216,2340.486084,823.567383,1197.265869,2351.009277,,,,,,,,,,,,,,,,,,,
623,5.191667,600.587402,1192.115356,2476.552734,708.415405,399.21283,2624.431641,681.357361,326.230286,2341.204834,818.985291,1197.78186,2355.041016,,,,,,,,,,,,,,,,,,,
624,5.2,595.268127,1192.424072,2479.181641,697.960022,396.435638,2631.724121,680.623901,326.559692,2341.923584,814.38501,1198.225342,2359.101807,,,,,,,,,,,,,,,,,,,
625,5.208333,589.935059,1192.631226,2481.835205,687.669922,393.264038,2639.077148,679.845947,326.872009,2342.640381,809.766724,1198.593018,2363.19165,,,,,,,,,,,,,,,,,,,
626,5.216667,584.576721,1192.768188,2484.495117,677.540405,389.750549,2646.510986,679.026611,327.164825,2343.351807,805.131042,1198.881226,2367.310059,,,,,,,,,,,,,,,,,,,
627,5.225,579.199463,1192.828491,2487.165039,667.549377,385.94043,2654.043213,678.171448,327.445343,2344.057861,800.478516,1199.088013,2371.454834,,,,,,,,,,,,,,,,,,,
628,5.233333,573.815674,1192.791992,2489.862061,657.667603,381.880005,2661.674805,677.28656,327.728302,2344.766846,795.80896,1199.209595,2375.624512,,,,,,,,,,,,,,,,,,,
629,5.241667,568.421997,1192.663696,2492.582764,647.87561,377.633881,2669.370605,676.367371,328.010681,2345.490479,791.119385,1199.240601,2379.817871,,,,,,,,,,,,,,,,,,,
630,5.25,563.01593,1192.446899,2495.321289,638.161865,373.278137,2677.0625,675.401794,328.275055,2346.236328,786.406189,1199.176758,2384.033447,,,,,,,,,,,,,,,,,,,
631,5.258333,557.606384,1192.151733,2498.080811,628.520813,368.893127,2684.655273,674.381592,328.512909,2347.010498,781.668335,1199.01355,2388.268555,,,,,,,,,,,,,,,,,,,
632,5.266667,552.201904,1191.776611,2500.874512,618.956604,364.555206,2692.038574,673.296082,328.722137,2347.821533,776.90979,1198.747681,2392.522217,,,,,,,,,,,,,,,,,,,
633,5.275,546.805176,1191.296997,2503.723389,609.482117,360.329193,2699.108887,672.131165,328.90155,2348.674316,772.134949,1198.378296,2396.795166,,,,,,,,,,,,,,,,,,,
634,5.283333,541.411926,1190.719727,2506.624756,600.119324,356.2612,2705.789307,670.873901,329.051361,2349.572021,767.346375,1197.906616,2401.087646,,,,,,,,,,,,,,,,,,,
635,5.291667,536.017639,1190.065063,2509.570801,590.905884,352.377472,2712.036621,669.513977,329.180542,2350.520996,762.545776,1197.334961,2405.402588,,,,,,,,,,,,,,,,,,,
636,5.3,530.618652,1189.337524,2512.567139,581.892212,348.692139,2717.839111,668.040894,329.297302,2351.530273,757.732178,1196.665405,2409.745361,,,,,,,,,,,,,,,,,,,
637,5.308333,525.208618,1188.558716,2515.607422,573.12738,345.213898,2723.210693,666.438782,329.391479,2352.610352,752.903809,1195.901611,2414.120605,,,,,,,,,,,,,,,,,,,
638,5.316667,519.781494,1187.752441,2518.681641,564.650269,341.948456,2728.174316,664.694702,329.454834,2353.772705,748.05719,1195.049683,2418.534424,,,,,,,,,,,,,,,,,,,
639,5.325,514.328003,1186.932617,2521.784668,556.490112,338.900208,2732.740967,662.80481,329.492279,2355.02832,743.18689,1194.116577,2422.99292,,,,,,,,,,,,,,,,,,,
640,5.333333,508.852661,1186.094116,2524.932373,548.663269,336.070374,2736.912354,660.774719,329.518768,2356.387939,738.290833,1193.112183,2427.5,,,,,,,,,,,,,,,,,,,
641,5.341667,503.363678,1185.231079,2528.139648,541.167786,333.451782,2740.684814,658.61084,329.547791,2357.861816,733.368774,1192.047363,2432.061035,,,,,,,,,,,,,,,,,,,
642,5.35,497.856506,1184.356812,2531.40332,533.993591,331.036621,2744.064941,656.313293,329.575104,2359.455566,728.421753,1190.934448,2436.679688,,,,,,,,,,,,,,,,,,,
643,5.358333,492.333496,1183.464111,2534.735596,527.13031,328.809723,2747.06543,653.880554,329.597839,2361.166504,723.452576,1189.789185,2441.35498,,,,,,,,,,,,,,,,,,,
644,5.366667,486.782745,1182.565796,2538.129639,520.562195,326.729889,2749.694092,651.306885,329.626587,2362.991455,718.460144,1188.628296,2446.084473,,,,,,,,,,,,,,,,,,,
645,5.375,481.185059,1181.709229,2541.556641,514.280518,324.756927,2751.967285,648.585144,329.675385,2364.92749,713.437927,1187.463989,2450.864258,,,,,,,,,,,,,,,,,,,
646,5.383333,475.540466,1180.918823,2545.009033,508.286285,322.870544,2753.911377,645.70929,329.755585,2366.967041,708.379089,1186.305786,2455.688477,,,,,,,,,,,,,,,,,,,
647,5.391667,469.853516,1180.203613,2548.489502,502.576996,321.06546,2755.554932,642.671387,329.876465,2369.101807,703.281311,1185.165649,2460.549316,,,,,,,,,,,,,,,,,,,
648,5.4,464.129059,1179.557495,2552.007324,497.147278,319.366821,2756.942383,639.459167,330.0466,2371.326172,698.145691,1184.057373,2465.437744,,,,,,,,,,,,,,,,,,,
649,5.408333,458.370483,1178.973633,2555.569336,491.97644,317.814575,2758.137451,636.055237,330.2742,2373.638916,692.973633,1182.994141,2470.344727,,,,,,,,,,,,,,,,,,,
650,5.416667,452.593201,1178.458862,2559.181396,487.008301,316.428345,2759.216797,632.437561,330.567169,2376.038086,687.766968,1181.990723,2475.263428,,,,,,,,,,,,,,,,,,,
651,5.425,446.815369,1178.020996,2562.845215,482.167603,315.227173,2760.287842,628.584961,330.941772,2378.516357,682.529419,1181.063354,2480.1875,,,,,,,,,,,,,,,,,,,
652,5.433333,441.029938,1177.676514,2566.535645,477.381653,314.242096,2761.48584,624.480347,331.423065,2381.061768,677.266296,1180.228149,2485.110596,,,,,,,,,,,,,,,,,,,
653,5.441667,435.219055,1177.482544,2570.246338,472.594452,313.496674,2762.956299,620.096191,332.018127,2383.668945,671.983337,1179.501465,2490.023926,,,,,,,,,,,,,,,,,,,
654,5.45,429.380768,1177.48938,2573.982422,467.788696,313.00238,2764.837402,615.387451,332.716766,2386.341797,666.68634,1178.896484,2494.918213,,,,,,,,,,,,,,,,,,,
655,5.458333,423.530151,1177.658936,2577.710938,462.994141,312.759552,2767.237793,610.308716,333.516571,2389.079102,661.380737,1178.419922,2499.783447,,,,,,,,,,,,,,,,,,,
656,5.466667,417.667908,1177.967529,2581.391113,458.268799,312.74585,2770.20752,604.819519,334.421692,2391.875977,656.07196,1178.074219,2504.613281,,,,,,,,,,,,,,,,,,,
657,5.475,411.789032,1178.430542,2585.004639,453.678955,312.911316,2773.701172,598.881226,335.445557,2394.732178,650.765869,1177.858398,2509.402344,,,,,,,,,,,,,,,,,,,
658,5.483333,405.909851,1179.021606,2588.554443,449.28775,313.195831,2777.586914,592.464417,336.62442,2397.664795,645.465698,1177.767212,2514.148682,,,,,,,,,,,,,,,,,,,
659,5.491667,400.045227,1179.692749,2592.051758,445.143311,313.542023,2781.690918,585.545776,337.999908,2400.710938,640.171143,1177.789551,2518.854736,,,,,,,,,,,,,,,,,,,
660,5.5,394.192749,1180.425415,2595.478271,441.286469,313.906982,2785.850586,578.112,339.595734,2403.899902,634.880066,1177.910767,2523.523682,,,,,,,,,,,,,,,,,,,
661,5.508333,388.353394,1181.206177,2598.813965,437.755615,314.264526,2789.9375,570.13385,341.373291,2407.240967,629.587402,1178.111084,2528.161133,,,,,,,,,,,,,,,,,,,
662,5.516667,382.538666,1181.986328,2602.070068,434.565247,314.590302,2793.847412,561.558044,343.235229,2410.720703,624.292358,1178.370117,2532.771973,,,,,,,,,,,,,,,,,,,
663,5.525,376.765198,1182.718506,2605.259033,431.706818,314.865204,2797.494873,552.370178,345.131439,2414.32959,619.000122,1178.671631,2537.361084,,,,,,,,,,,,,,,,,,,
664,5.533333,371.04071,1183.375244,2608.376221,429.169708,315.079407,2800.817383,542.597595,347.062042,2418.075684,613.7146,1179.00061,2541.935303,,,,,,,,,,,,,,,,,,,
665,5.541667,365.354767,1183.951416,2611.391846,426.948456,315.221863,2803.771729,532.276489,349.026001,2421.969238,608.441345,1179.343994,2546.500488,,,,,,,,,,,,,,,,,,,
666,5.55,359.688416,1184.502563,2614.289307,425.039215,315.285309,2806.327148,521.454346,351.0289,2426.014893,603.194336,1179.693848,2551.055908,,,,,,,,,,,,,,,,,,,
667,5.558333,354.030609,1185.07312,2617.070557,423.433258,315.278198,2808.473633,510.183289,353.077881,2430.214355,597.989807,1180.047485,2555.595947,,,,,,,,,,,,,,,,,,,
668,5.566667,348.405579,1185.596436,2619.722168,422.109528,315.224487,2810.227295,498.517517,355.181915,2434.564209,592.840027,1180.405884,2560.114258,,,,,,,,,,,,,,,,,,,
669,5.575,342.843964,1186.018555,2622.233643,421.03009,315.153778,2811.633789,486.518341,357.360962,2439.050537,587.755981,1180.774414,2564.604004,,,,,,,,,,,,,,,,,,,
670,5.583333,337.347107,1186.375488,2624.587646,420.139832,315.089722,2812.760986,474.252625,359.637756,2443.660645,582.753357,1181.164673,2569.057129,,,,,,,,,,,,,,,,,,,
671,5.591667,331.922791,1186.687256,2626.788818,419.367462,315.048065,2813.69751,461.794067,362.027771,2448.395996,577.848633,1181.589111,2573.466797,,,,,,,,,,,,,,,,,,,
672,5.6,326.587708,1186.955322,2628.861816,418.633942,315.039246,2814.540527,449.225311,364.540985,2453.270996,573.049561,1182.05835,2577.825684,,,,,,,,,,,,,,,,,,,
673,5.608333,321.347137,1187.199463,2630.81665,417.855011,315.059814,2815.375244,436.63147,367.185394,2458.304443,568.355286,1182.578613,2582.125244,,,,,,,,,,,,,,,,,,,
674,5.616667,316.201233,1187.440063,2632.664307,416.951935,315.092407,2816.259521,424.096252,369.963623,2463.500488,563.759277,1183.154419,2586.35498,,,,,,,,,,,,,,,,,,,
675,5.625,311.134796,1187.720459,2634.394043,415.878448,315.125641,2817.225098,411.702759,372.867462,2468.841309,559.252075,1183.790405,2590.508301,,,,,,,,,,,,,,,,,,,
676,5.633333,306.143188,1188.06189,2636.012939,414.625122,315.157379,2818.267578,399.531525,375.872223,2474.288574,554.822083,1184.487061,2594.579102,,,,,,,,,,,,,,,,,,,
677,5.641667,301.252136,1188.43689,2637.578369,413.20993,315.187439,2819.3396,387.649017,378.932892,2479.790527,550.456116,1185.243164,2598.560547,,,,,,,,,,,,,,,,,,,
678,5.65,296.47702,1188.833984,2639.130371,411.686523,315.225433,2820.372559,376.098572,381.992371,2485.291016,546.137329,1186.055054,2602.446045,,,,,,,,,,,,,,,,,,,
679,5.658333,291.809082,1189.259521,2640.674805,410.136078,315.28775,2821.301758,364.89856,384.989227,2490.745117,541.848572,1186.915649,2606.231445,,,,,,,,,,,,,,,,,,,
680,5.666667,287.240295,1189.711304,2642.221436,408.632874,315.382324,2822.073975,354.044708,387.865112,2496.120361,537.57489,1187.815063,2609.914795,,,,,,,,,,,,,,,,,,,
681,5.675,282.759369,1190.185059,2643.776611,407.231476,315.510864,2822.662109,343.519012,390.575195,2501.384521,533.302612,1188.743408,2613.494141,,,,,,,,,,,,,,,,,,,
682,5.683333,278.330627,1190.697754,2645.311523,405.964081,315.67215,2823.073975,333.296204,393.081329,2506.51001,529.020569,1189.688965,2616.96875,,,,,,,,,,,,,,,,,,,
683,5.691667,273.926331,1191.260498,2646.805664,404.834534,315.863892,2823.337158,323.344788,395.341736,2511.47998,524.719482,1190.640747,2620.342041,,,,,,,,,,,,,,,,,,,
684,5.7,269.543976,1191.843384,2648.277832,403.824493,316.082703,2823.487305,313.627869,397.31308,2516.281006,520.392273,1191.588745,2623.620605,,,,,,,,,,,,,,,,,,,
685,5.708333,265.168701,1192.421509,2649.733643,402.904053,316.320831,2823.559814,304.108063,398.956177,2520.890625,516.035278,1192.523071,2626.8125,,,,,,,,,,,,,,,,,,,
686,5.716667,260.78064,1192.984985,2651.168945,402.042145,316.57196,2823.586182,294.753143,400.238342,2525.278809,511.646271,1193.435181,2629.924316,,,,,,,,,,,,,,,,,,,
687,5.725,256.372284,1193.52002,2652.585205,401.214111,316.834656,2823.592285,285.535645,401.130768,2529.409424,507.224426,1194.316162,2632.960938,,,,,,,,,,,,,,,,,,,
688,5.733333,251.927826,1194.035034,2653.960693,400.405945,317.105194,2823.594971,276.430115,401.607727,2533.246582,502.773163,1195.159912,2635.922607,,,,,,,,,,,,,,,,,,,
689,5.741667,247.445663,1194.532593,2655.287354,399.612457,317.374878,2823.599121,267.415314,401.652588,2536.763428,498.300201,1195.963013,2638.808105,,,,,,,,,,,,,,,,,,,
690,5.75,242.949463,1194.977051,2656.595947,398.833008,317.63678,2823.602295,258.477356,401.260956,2539.949951,493.813995,1196.721558,2641.616455,,,,,,,,,,,,,,,,,,,
691,5.758333,238.444992,1195.344116,2657.895264,398.073242,317.888397,2823.598633,249.607864,400.439606,2542.809326,489.319733,1197.433228,2644.348877,,,,,,,,,,,,,,,,,,,
692,5.766667,233.913635,1195.650635,2659.153564,397.332672,318.121216,2823.573486,240.807877,399.20755,2545.354004,484.817719,1198.096558,2647.003662,,,,,,,,,,,,,,,,,,,
693,5.775,229.34314,1195.914429,2660.344971,396.607666,318.32959,2823.516113,232.090729,397.593506,2547.602051,480.303986,1198.708862,2649.57666,,,,,,,,,,,,,,,,,,,
694,5.783333,224.753006,1196.113281,2661.493164,395.910706,318.526764,2823.436279,223.472107,395.628845,2549.573486,475.773926,1199.267212,2652.065674,,,,,,,,,,,,,,,,,,,
695,5.791667,220.17392,1196.220093,2662.632813,395.238678,318.718353,2823.341553,214.960495,393.348083,2551.297119,471.222473,1199.769165,2654.470215,,,,,,,,,,,,,,,,,,,
696,5.8,215.61145,1196.234253,2663.762451,394.563049,318.893433,2823.22583,206.566757,390.785492,2552.797119,466.648956,1200.214722,2656.787842,,,,,,,,,,,,,,,,,,,
697,5.808333,211.050735,1196.160645,2664.861572,393.86557,319.048676,2823.091797,198.304947,387.969147,2554.076416,462.059082,1200.605835,2659.013916,,,,,,,,,,,,,,,,,,,
698,5.816667,206.459259,1196.062256,2665.923828,393.139801,319.187653,2822.950195,190.18074,384.940887,2555.144043,457.455261,1200.94165,2661.144043,,,,,,,,,,,,,,,,,,,
699,5.825,201.813812,1196.00061,2666.953857,392.379944,319.312103,2822.809814,182.201614,381.763489,2556.023926,452.83548,1201.220337,2663.175049,,,,,,,,,,,,,,,,,,,
700,5.833333,197.139038,1195.916382,2667.949219,391.581665,319.424011,2822.675537,174.386887,378.489166,2556.736328,448.196899,1201.438599,2665.107666,,,,,,,,,,,,,,,,,,,
701,5.841667,192.447632,1195.773804,2668.886963,390.738647,319.526184,2822.549561,166.768295,375.15921,2557.30542,443.537109,1201.591431,2666.94165,,,,,,,,,,,,,,,,,,,
702,5.85,187.72847,1195.597046,2669.749512,389.838928,319.621399,2822.432617,159.387115,371.825348,2557.767334,438.856171,1201.674683,2668.676514,,,,,,,,,,,,,,,,,,,
703,5.858333,182.981262,1195.386475,2670.539063,388.86911,319.710602,2822.324707,152.282883,368.547729,2558.166748,434.155273,1201.684204,2670.310059,,,,,,,,,,,,,,,,,,,
704,5.866667,178.212601,1195.138184,2671.26001,387.814117,319.792999,2822.22876,145.475754,365.371246,2558.545654,429.432465,1201.614136,2671.84082,,,,,,,,,,,,,,,,,,,
705,5.875,173.431274,1194.850708,2671.91748,386.653564,319.868683,2822.147705,138.968933,362.330719,2558.925781,424.685333,1201.459839,2673.269531,,,,,,,,,,,,,,,,,,,
706,5.883333,168.625122,1194.533081,2672.495361,385.360626,319.939301,2822.083984,132.744766,359.460327,2559.306885,419.913452,1201.221313,2674.596191,,,,,,,,,,,,,,,,,,,
707,5.891667,163.792389,1194.174805,2673.000244,383.905853,320.007568,2822.043213,126.752869,356.754669,2559.669678,415.1138,1200.899292,2675.820557,,,,,,,,,,,,,,,,,,,
708,5.9,158.950577,1193.759277,2673.457275,382.264832,320.078003,2822.034912,120.950348,354.185364,2559.983887,410.283752,1200.495483,2676.943848,,,,,,,,,,,,,,,,,,,
709,5.908333,154.098663,1193.290771,2673.865723,380.41748,320.153778,2822.067383,115.324142,351.736298,2560.228271,405.423523,1200.014038,2677.964844,,,,,,,,,,,,,,,,,,,
710,5.916667,149.225845,1192.775146,2674.221436,378.34552,320.235474,2822.143799,109.898407,349.428101,2560.405762,400.533844,1199.461914,2678.882568,,,,,,,,,,,,,,,,,,,
711,5.925,144.324387,1192.236572,2674.514404,376.034637,320.322357,2822.266602,104.726151,347.307465,2560.541992,395.617859,1198.849609,2679.695801,,,,,,,,,,,,,,,,,,,
712,5.933333,139.380371,1191.717163,2674.715332,373.472534,320.41037,2822.434082,99.825897,345.357941,2560.661865,390.681061,1198.187744,2680.404541,,,,,,,,,,,,,,,,,,,
713,5.941667,134.381866,1191.240356,2674.808594,370.649353,320.495239,2822.641357,95.192444,343.540222,2560.782715,385.726166,1197.486816,2681.01001,,,,,,,,,,,,,,,,,,,
714,5.95,129.326736,1190.814819,2674.796631,367.559021,320.576447,2822.880127,90.829056,341.845062,2560.91748,380.75415,1196.754883,2681.514893,,,,,,,,,,,,,,,,,,,
715,5.958333,124.235481,1190.425415,2674.7146,364.198486,320.653564,2823.138916,86.73632,340.261475,2561.064453,375.767487,1195.999023,2681.921143,,,,,,,,,,,,,,,,,,,
716,5.966667,119.148041,1190.027222,2674.62915,360.567841,320.727722,2823.405029,82.915169,338.781403,2561.216064,370.767548,1195.227295,2682.227783,,,,,,,,,,,,,,,,,,,
717,5.975,114.066658,1189.623779,2674.54541,356.668854,320.804443,2823.668701,79.355957,337.398773,2561.367676,365.753052,1194.446289,2682.435303,,,,,,,,,,,,,,,,,,,
718,5.983333,108.959213,1189.2677,2674.408447,352.504272,320.890656,2823.925049,76.029671,336.10968,2561.517578,360.724579,1193.664429,2682.54834,,,,,,,,,,,,,,,,,,,
719,5.991667,103.837006,1188.95752,2674.229736,348.078613,320.991028,2824.168457,72.894333,334.91684,2561.665039,355.684357,1192.890747,2682.570557,,,,,,,,,,,,,,,,,,,
720,6,98.731865,1188.666626,2674.054199,343.395294,321.109375,2824.396729,69.908592,333.849701,2561.810547,350.635956,1192.135376,2682.506836,,,,,,,,,,,,,,,,,,,
721,6.008333,93.632866,1188.421265,2673.860107,338.455872,321.254425,2824.611328,67.011116,332.925842,2561.944824,345.584686,1191.410034,2682.364014,,,,,,,,,,,,,,,,,,,
722,6.016667,88.527664,1188.248779,2673.62915,333.264008,321.440369,2824.818359,64.111404,332.123199,2562.045654,340.53833,1190.727539,2682.14917,,,,,,,,,,,,,,,,,,,
723,6.025,83.424438,1188.149536,2673.376221,327.830872,321.686279,2825.024902,61.143848,331.44873,2562.088135,335.50647,1190.098389,2681.871338,,,,,,,,,,,,,,,,,,,
724,6.033333,78.334274,1188.120605,2673.112549,322.174896,322.01532,2825.239502,58.074818,330.91925,2562.043213,330.496094,1189.526611,2681.541504,,,,,,,,,,,,,,,,,,,
725,6.041667,73.282341,1188.134033,2672.871582,316.321045,322.457367,2825.469971,54.879158,330.506012,2561.881104,325.514008,1189.011963,2681.169434,,,,,,,,,,,,,,,,,,,
726,6.05,68.288216,1188.159668,2672.68335,310.295319,323.0495,2825.727051,51.580093,330.194794,2561.59375,320.566162,1188.54895,2680.764893,,,,,,,,,,,,,,,,,,,
727,6.058333,63.340126,1188.20813,2672.523193,304.11261,323.827789,2826.022949,48.243954,329.979492,2561.199951,315.656738,1188.130615,2680.334473,,,,,,,,,,,,,,,,,,,
728,6.066667,58.427731,1188.290283,2672.362793,297.773682,324.821381,2826.370361,44.940632,329.825256,2560.73584,310.790131,1187.752197,2679.879639,,,,,,,,,,,,,,,,,,,
729,6.075,53.555798,1188.400391,2672.195313,291.268829,326.04953,2826.784668,41.741375,329.703125,2560.246094,305.966431,1187.40918,2679.399414,,,,,,,,,,,,,,,,,,,
730,6.083333,48.728283,1188.535767,2672.011963,284.580566,327.521393,2827.279541,38.692463,329.573456,2559.765381,301.186157,1187.09729,2678.889893,,,,,,,,,,,,,,,,,,,
731,6.091667,43.958027,1188.675171,2671.824219,277.680847,329.232941,2827.869629,35.830238,329.424103,2559.316406,296.454987,1186.816162,2678.3479,,,,,,,,,,,,,,,,,,,
732,6.1,39.253345,1188.799561,2671.644775,270.535309,331.17041,2828.571777,33.185211,329.268951,2558.906982,291.777771,1186.56543,2677.771484,,,,,,,,,,,,,,,,,,,
733,6.108333,34.60947,1188.909912,2671.465332,263.113831,333.317963,2829.399902,30.761848,329.104706,2558.528076,287.15799,1186.344482,2677.159912,,,,,,,,,,,,,,,,,,,
734,6.116667,30.025608,1189.003784,2671.284424,255.391754,335.653168,2830.359619,28.553526,328.931091,2558.163574,282.600922,1186.156616,2676.515869,,,,,,,,,,,,,,,,,,,
735,6.125,25.495325,1189.094727,2671.085693,247.356003,338.141327,2831.452393,26.53249,328.728455,2557.797852,278.109955,1186.004272,2675.841064,,,,,,,,,,,,,,,,,,,
736,6.133333,21.015305,1189.194824,2670.85791,239.01123,340.738831,2832.673096,24.67424,328.497528,2557.428955,273.687378,1185.888794,2675.137451,,,,,,,,,,,,,,,,,,,
737,6.141667,16.596254,1189.296509,2670.611572,230.381485,343.400726,2834.006592,22.970659,328.281311,2557.067871,269.338989,1185.813354,2674.408936,,,,,,,,,,,,,,,,,,,
738,6.15,12.250479,1189.391724,2670.355225,221.511307,346.087067,2835.429199,21.398605,328.105255,2556.7229,265.070892,1185.779785,2673.658936,,,,,,,,,,,,,,,,,,,
739,6.158333,7.989292,1189.474243,2670.0979,212.464188,348.766846,2836.906738,19.915874,327.955292,2556.397705,260.882996,1185.788452,2672.889648,,,,,,,,,,,,,,,,,,,
740,6.166667,3.820565,1189.542603,2669.847656,203.319626,351.422028,2838.395752,18.488823,327.814728,2556.092529,256.773865,1185.840332,2672.103027,,,,,,,,,,,,,,,,,,,
741,6.175,-0.253399,1189.603027,2669.611328,194.159058,354.045593,2839.846436,17.108107,327.686951,2555.805664,252.746735,1185.939575,2671.300293,,,,,,,,,,,,,,,,,,,
742,6.183333,-4.234892,1189.662109,2669.391602,185.056519,356.638733,2841.202148,15.767,327.556366,2555.5354,248.805344,1186.090942,2670.484375,,,,,,,,,,,,,,,,,,,
743,6.191667,-8.127468,1189.727661,2669.192383,176.080582,359.209717,2842.408203,14.463405,327.401703,2555.284424,244.950562,1186.298584,2669.6604,,,,,,,,,,,,,,,,,,,
744,6.2,-11.931703,1189.808716,2669.010498,167.289963,361.764343,2843.420654,13.21592,327.234772,2555.060303,241.178589,1186.562134,2668.835693,,,,,,,,,,,,,,,,,,,
745,6.208333,-15.648862,1189.914429,2668.837402,158.728622,364.295685,2844.216309,12.061948,327.100067,2554.870361,237.482788,1186.880249,2668.018066,,,,,,,,,,,,,,,,,,,
746,6.216667,-19.286514,1190.053101,2668.668945,150.42807,366.783234,2844.789063,11.023602,327.023376,2554.717529,233.858322,1187.251831,2667.212158,,,,,,,,,,,,,,,,,,,
747,6.225,-22.852911,1190.22998,2668.50415,142.410095,369.19696,2845.151855,10.090317,326.98645,2554.59668,230.299683,1187.674561,2666.42334,,,,,,,,,,,,,,,,,,,
748,6.233333,-26.352922,1190.447021,2668.339355,134.685822,371.500427,2845.332764,9.248955,326.975128,2554.501465,226.801178,1188.146606,2665.655273,,,,,,,,,,,,,,,,,,,
749,6.241667,-29.792465,1190.706055,2668.16748,127.253983,373.651489,2845.36377,8.479266,326.96991,2554.425537,223.357147,1188.66626,2664.910156,,,,,,,,,,,,,,,,,,,
750,6.25,-33.179188,1191.006104,2667.984863,120.102097,375.604736,2845.282227,7.75817,326.950256,2554.36377,219.962982,1189.230957,2664.187256,,,,,,,,,,,,,,,,,,,
751,6.258333,-36.517559,1191.342896,2667.786865,113.213768,377.321259,2845.130859,7.08739,326.933105,2554.316895,216.615082,1189.836426,2663.487305,,,,,,,,,,,,,,,,,,,
752,6.266667,-39.810265,1191.712402,2667.570801,106.572784,378.772797,2844.950195,6.471563,326.930786,2554.283447,213.30838,1190.478394,2662.813232,,,,,,,,,,,,,,,,,,,
753,6.275,-43.062977,1192.109497,2667.3396,100.161438,379.936432,2844.774902,5.913658,326.944397,2554.259521,210.041504,1191.154785,2662.167725,,,,,,,,,,,,,,,,,,,
754,6.283333,-46.278858,1192.527588,2667.093994,93.96241,380.793701,2844.63208,5.425969,326.986206,2554.244873,206.815506,1191.863037,2661.556396,,,,,,,,,,,,,,,,,,,
755,6.291667,-49.456074,1192.959717,2666.831543,87.961029,381.331299,2844.543457,5.01336,327.057037,2554.238525,203.6306,1192.598145,2660.983887,,,,,,,,,,,,,,,,,,,
756,6.3,-52.596188,1193.400513,2666.553223,82.147438,381.541382,2844.52832,4.674097,327.148804,2554.238525,200.486679,1193.353638,2660.450439,,,,,,,,,,,,,,,,,,,
757,6.308333,-55.701439,1193.845825,2666.261719,76.516586,381.422638,2844.607422,4.407857,327.257416,2554.242188,197.38356,1194.120605,2659.956299,,,,,,,,,,,,,,,,,,,
758,6.316667,-58.768986,1194.291748,2665.958008,71.065117,380.980286,2844.797119,4.213293,327.382141,2554.24585,194.323364,1194.890625,2659.503418,,,,,,,,,,,,,,,,,,,
759,6.325,-61.797859,1194.733521,2665.643555,65.789589,380.225769,2845.109375,4.086944,327.523682,2554.248535,191.309372,1195.658203,2659.093506,,,,,,,,,,,,,,,,,,,
760,6.333333,-64.788483,1195.167847,2665.323242,60.688095,379.176147,2845.550049,4.024082,327.683136,2554.249756,188.340698,1196.418823,2658.724854,,,,,,,,,,,,,,,,,,,
761,6.341667,-67.737617,1195.592285,2665.002441,55.762062,377.854187,2846.122559,4.011943,327.8508,2554.249756,185.413757,1197.16626,2658.39624,,,,,,,,,,,,,,,,,,,
762,6.35,-70.640465,1196.005615,2664.684326,51.01273,376.288727,2846.827393,4.030705,328.005554,2554.248779,182.532959,1197.897217,2658.113525,,,,,,,,,,,,,,,,,,,
763,6.358333,-73.493271,1196.408325,2664.37207,46.439537,374.511322,2847.6604,4.068961,328.138885,2554.249268,179.703873,1198.611572,2657.88208,,,,,,,,,,,,,,,,,,,
764,6.366667,-76.295746,1196.800049,2664.067627,42.041031,372.555298,2848.607422,4.123754,328.255005,2554.253906,176.927246,1199.306396,2657.704346,,,,,,,,,,,,,,,,,,,
765,6.375,-79.048691,1197.17981,2663.771973,37.814644,370.45517,2849.652588,4.193401,328.359955,2554.263428,174.20816,1199.979858,2657.584717,,,,,,,,,,,,,,,,,,,
766,6.383333,-81.751595,1197.546509,2663.486084,33.757248,368.245392,2850.778564,4.276399,328.460632,2554.276611,171.550278,1200.633179,2657.525635,,,,,,,,,,,,,,,,,,,
767,6.391667,-84.400558,1197.898682,2663.211914,29.866543,365.960052,2851.968262,4.370138,328.561798,2554.291504,168.953278,1201.262939,2657.52832,,,,,,,,,,,,,,,,,,,
768,6.4,-86.988846,1198.235596,2662.953125,26.143167,363.634094,2853.199951,4.470933,328.665588,2554.304688,166.416763,1201.865601,2657.596191,,,,,,,,,,,,,,,,,,,
769,6.408333,-89.510674,1198.556763,2662.714111,22.58993,361.301147,2854.446533,4.574574,328.773041,2554.314453,163.93927,1202.438721,2657.730225,,,,,,,,,,,,,,,,,,,
770,6.416667,-91.964905,1198.861206,2662.494385,19.208658,358.987244,2855.681396,4.677209,328.88446,2554.319336,161.519684,1202.979248,2657.932861,,,,,,,,,,,,,,,,,,,
771,6.425,-94.354645,1199.148682,2662.296143,16.001854,356.709198,2856.882568,4.776617,328.999359,2554.318604,159.156219,1203.484863,2658.20459,,,,,,,,,,,,,,,,,,,
772,6.433333,-96.680649,1199.418335,2662.120117,12.974644,354.481781,2858.032471,4.873285,329.118195,2554.312012,156.848541,1203.955444,2658.546875,,,,,,,,,,,,,,,,,,,
773,6.441667,-98.94426,1199.670532,2661.968018,10.130291,352.316132,2859.120605,4.970455,329.241852,2554.300293,154.595978,1204.390869,2658.95874,,,,,,,,,,,,,,,,,,,
774,6.45,-101.151413,1199.907227,2661.8396,7.470762,350.2164,2860.142578,5.073355,329.370453,2554.283936,152.39238,1204.788696,2659.436768,,,,,,,,,,,,,,,,,,,
775,6.458333,-103.307549,1200.128906,2661.734619,4.998774,348.184784,2861.094482,5.187604,329.504364,2554.264404,150.237213,1205.14856,2659.979004,,,,,,,,,,,,,,,,,,,
776,6.466667,-105.416061,1200.336426,2661.653809,2.715879,346.223907,2861.9729,5.317972,329.645447,2554.244141,148.135391,1205.477173,2660.584961,,,,,,,,,,,,,,,,,,,
777,6.475,-107.481476,1200.533081,2661.598145,0.623149,344.334045,2862.772949,5.467978,329.797333,2554.226074,146.086212,1205.780029,2661.250488,,,,,,,,,,,,,,,,,,,
778,6.483333,-109.505333,1200.719849,2661.569092,-1.271445,342.520996,2863.496094,5.639701,329.965271,2554.2146,144.08493,1206.059326,2661.970947,,,,,,,,,,,,,,,,,,,
779,6.491667,-111.486954,1200.897217,2661.567139,-2.954227,340.798279,2864.149658,5.834234,330.156036,2554.215088,142.129044,1206.317871,2662.742676,,,,,,,,,,,,,,,,,,,
780,6.5,-113.423706,1201.064941,2661.593506,-4.406489,339.181549,2864.729492,6.042852,330.358765,2554.230713,140.224304,1206.561401,2663.563721,,,,,,,,,,,,,,,,,,,
781,6.508333,-115.312363,1201.220459,2661.648682,-5.606262,337.685089,2865.224854,6.247461,330.544647,2554.260498,138.376038,1206.794678,2664.432129,,,,,,,,,,,,,,,,,,,
782,6.516667,-117.150139,1201.362183,2661.733643,-6.550494,336.310181,2865.629639,6.439641,330.702271,2554.304932,136.582001,1207.016235,2665.347168,,,,,,,,,,,,,,,,,,,
783,6.525,-118.932686,1201.489624,2661.849609,-7.25121,335.048309,2865.942139,6.619742,330.835297,2554.365234,134.837723,1207.224487,2666.307373,,,,,,,,,,,,,,,,,,,
784,6.533333,-120.661461,1201.604736,2661.997314,-7.718605,333.891541,2866.164063,6.786071,330.943604,2554.440186,133.138824,1207.420532,2667.311523,,,,,,,,,,,,,,,,,,,
785,6.541667,-122.337334,1201.70813,2662.177002,-7.959459,332.83136,2866.299561,6.945937,331.044586,2554.530762,131.481552,1207.604858,2668.358398,,,,,,,,,,,,,,,,,,,
786,6.55,-123.961502,1201.801514,2662.387939,-7.979651,331.859863,2866.355957,7.117206,331.174286,2554.63916,129.861832,1207.775879,2669.445557,,,,,,,,,,,,,,,,,,,
787,6.558333,-125.539452,1201.889771,2662.630859,-7.791204,330.972504,2866.341064,7.308512,331.350708,2554.763672,128.27681,1207.932129,2670.569824,,,,,,,,,,,,,,,,,,,
788,6.566667,-127.074196,1201.976807,2662.903564,-7.409276,330.166962,2866.265137,7.520176,331.575592,2554.901855,126.727013,1208.075073,2671.728271,,,,,,,,,,,,,,,,,,,
789,6.575,-128.569839,1202.067017,2663.206543,-6.846765,329.442444,2866.138184,7.743657,331.8349,2555.050049,125.212326,1208.208374,2672.915527,,,,,,,,,,,,,,,,,,,
790,6.583333,-130.029083,1202.162842,2663.545654,-6.120265,328.804657,2865.973633,7.96128,332.096527,2555.203125,123.73082,1208.336426,2674.127197,,,,,,,,,,,,,,,,,,,
791,6.591667,-131.452942,1202.265381,2663.920166,-5.254149,328.263672,2865.786377,8.166882,332.347839,2555.360596,122.283394,1208.465576,2675.361084,,,,,,,,,,,,,,,,,,,
792,6.6,-132.845627,1202.378052,2664.330078,-4.277277,327.82608,2865.592285,8.365096,332.595062,2555.525879,120.873932,1208.603516,2676.612549,,,,,,,,,,,,,,,,,,,
793,6.608333,-134.206711,1202.50293,2664.777832,-3.234716,327.480957,2865.415283,8.560329,332.84314,2555.701904,119.504341,1208.75647,2677.878906,,,,,,,,,,,,,,,,,,,
794,6.616667,-135.534225,1202.640625,2665.262451,-2.186804,327.198242,2865.287598,8.756104,333.095337,2555.891357,118.172302,1208.925415,2679.157959,,,,,,,,,,,,,,,,,,,
795,6.625,-136.832214,1202.791138,2665.782227,-1.180269,326.952271,2865.240723,8.955877,333.353363,2556.095215,116.874229,1209.110596,2680.446045,,,,,,,,,,,,,,,,,,,
796,6.633333,-138.101227,1202.952148,2666.335693,-0.239406,326.725006,2865.297119,9.162047,333.617981,2556.313477,115.605225,1209.311768,2681.740967,,,,,,,,,,,,,,,,,,,
797,6.641667,-139.338898,1203.120239,2666.922363,0.629079,326.498962,2865.465088,9.375259,333.889038,2556.544922,114.360886,1209.524048,2683.041016,,,,,,,,,,,,,,,,,,,
798,6.65,-140.545425,1203.292236,2667.543457,1.431282,326.261078,2865.738525,9.596459,334.16568,2556.789307,113.13987,1209.744629,2684.344727,,,,,,,,,,,,,,,,,,,
799,6.658333,-141.720184,1203.4646,2668.196777,2.180753,326.005463,2866.098633,9.82593,334.445465,2557.046143,111.939369,1209.973145,2685.6521,,,,,,,,,,,,,,,,,,,
800,6.666667,-142.865433,1203.633789,2668.880127,2.913679,325.744232,2866.512939,10.062965,334.724487,2557.314453,110.757645,1210.207275,2686.964355,,,,,,,,,,,,,,,,,,,
801,6.675,-143.984497,1203.796265,2669.592041,3.686726,325.501587,2866.946533,10.306419,334.998901,2557.59082,109.593285,1210.440796,2688.282715,,,,,,,,,,,,,,,,,,,
802,6.683333,-145.077805,1203.946899,2670.331055,4.539938,325.288239,2867.376221,10.553748,335.264801,2557.869873,108.438866,1210.66626,2689.607178,,,,,,,,,,,,,,,,,,,
803,6.691667,-146.148209,1204.082031,2671.097412,5.490558,325.103943,2867.792969,10.80163,335.519012,2558.147461,107.288628,1210.876465,2690.938232,,,,,,,,,,,,,,,,,,,
804,6.7,-147.197235,1204.198608,2671.891602,6.545386,324.948425,2868.193604,11.046765,335.760101,2558.422852,106.142761,1211.065796,2692.27832,,,,,,,,,,,,,,,,,,,
805,6.708333,-148.223663,1204.293457,2672.710693,7.701713,324.81604,2868.57959,11.286746,335.988098,2558.69751,105.003014,1211.232544,2693.62915,,,,,,,,,,,,,,,,,,,
806,6.716667,-149.229584,1204.363647,2673.554932,8.950927,324.696777,2868.958252,11.520211,336.203583,2558.974365,103.876633,1211.377441,2694.991211,,,,,,,,,,,,,,,,,,,
807,6.725,-150.215546,1204.406006,2674.423584,10.278816,324.583344,2869.338379,11.746652,336.406067,2559.256348,102.770966,1211.499756,2696.361084,,,,,,,,,,,,,,,,,,,
808,6.733333,-151.179398,1204.419922,2675.311523,11.665767,324.472046,2869.727295,11.965723,336.593506,2559.546143,101.685684,1211.600098,2697.738281,,,,,,,,,,,,,,,,,,,
809,6.741667,-152.122131,1204.406982,2676.212646,13.089149,324.360687,2870.131592,12.176048,336.761902,2559.84375,100.621338,1211.679688,2699.119141,,,,,,,,,,,,,,,,,,,
810,6.75,-153.043991,1204.370117,2677.120361,14.528572,324.249084,2870.55249,12.374761,336.906158,2560.146973,99.581917,1211.739624,2700.501709,,,,,,,,,,,,,,,,,,,
811,6.758333,-153.941788,1204.312622,2678.03125,15.967319,324.138519,2870.98999,12.556531,337.020386,2560.452881,98.569916,1211.780518,2701.887695,,,,,,,,,,,,,,,,,,,
812,6.766667,-154.815872,1204.235229,2678.942383,17.378117,324.020905,2871.44873,12.713872,337.097412,2560.758545,97.585892,1211.804321,2703.277344,,,,,,,,,,,,,,,,,,,
813,6.775,-155.669861,1204.140625,2679.85083,18.727236,323.879211,2871.941162,12.851161,337.150635,2561.06665,96.624306,1211.810913,2704.671875,,,,,,,,,,,,,,,,,,,
814,6.783333,-156.503769,1204.033691,2680.748291,20.014042,323.715271,2872.469971,12.986375,337.215637,2561.383545,95.677078,1211.798462,2706.072998,,,,,,,,,,,,,,,,,,,
815,6.791667,-157.315704,1203.916748,2681.630127,21.269669,323.548248,2873.026367,13.127528,337.30896,2561.711914,94.744789,1211.766602,2707.480713,,,,,,,,,,,,,,,,,,,
816,6.8,-158.104889,1203.789551,2682.496094,22.515253,323.386444,2873.60498,13.272116,337.429718,2562.052002,93.830338,1211.717407,2708.897705,,,,,,,,,,,,,,,,,,,
817,6.808333,-158.8685,1203.653198,2683.341064,23.755924,323.230377,2874.201416,13.42085,337.581085,2562.402344,92.933533,1211.653564,2710.325195,,,,,,,,,,,,,,,,,,,
818,6.816667,-159.605896,1203.510864,2684.158447,24.991056,323.080841,2874.80835,13.56589,337.748901,2562.757324,92.052719,1211.576416,2711.763916,,,,,,,,,,,,,,,,,,,
819,6.825,-160.319321,1203.364502,2684.947998,26.213867,322.936615,2875.419434,13.688067,337.900452,2563.108643,91.185364,1211.484253,2713.213379,,,,,,,,,,,,,,,,,,,
820,6.833333,-161.006973,1203.212891,2685.709229,27.410706,322.799469,2876.026367,13.781517,338.023499,2563.451904,90.337273,1211.378052,2714.673584,,,,,,,,,,,,,,,,,,,
821,6.841667,-161.665283,1203.05603,2686.442383,28.560438,322.670807,2876.622314,13.852655,338.124542,2563.786133,89.515427,1211.259766,2716.145508,,,,,,,,,,,,,,,,,,,
822,6.85,-162.294113,1202.896851,2687.146973,29.636711,322.549408,2877.200684,13.904766,338.207489,2564.111084,88.717293,1211.126343,2717.628418,,,,,,,,,,,,,,,,,,,
823,6.858333,-162.895416,1202.738281,2687.822021,30.598379,322.427887,2877.761475,13.939425,338.27356,2564.427979,87.941833,1210.977295,2719.120605,,,,,,,,,,,,,,,,,,,
824,6.866667,-163.467438,1202.581665,2688.470947,31.393387,322.292175,2878.311035,13.958311,338.323425,2564.73877,87.193054,1210.817139,2720.62085,,,,,,,,,,,,,,,,,,,
825,6.875,-164.003052,1202.428345,2689.095459,31.986315,322.133789,2878.850342,13.962568,338.358185,2565.045166,86.473335,1210.650513,2722.126709,,,,,,,,,,,,,,,,,,,
826,6.883333,-164.497452,1202.282471,2689.697998,32.373665,321.958954,2879.368896,13.953752,338.379364,2565.348633,85.779449,1210.481812,2723.633057,,,,,,,,,,,,,,,,,,,
827,6.891667,-164.954193,1202.150269,2690.280518,32.577076,321.783936,2879.852295,13.934321,338.38858,2565.648438,85.107964,1210.315186,2725.135742,,,,,,,,,,,,,,,,,,,
828,6.9,-165.378204,1202.036621,2690.847168,32.619576,321.618927,2880.291016,13.90695,338.387543,2565.945557,84.463989,1210.158691,2726.630859,,,,,,,,,,,,,,,,,,,
829,6.908333,-165.767685,1201.944336,2691.401123,32.524403,321.46637,2880.681396,13.88342,338.396423,2566.244873,83.852196,1210.016602,2728.114014,,,,,,,,,,,,,,,,,,,
830,6.916667,-166.117172,1201.873779,2691.944336,32.323555,321.328583,2881.021484,13.873856,338.434326,2566.552246,83.271629,1209.888062,2729.582031,,,,,,,,,,,,,,,,,,,
831,6.925,-166.422668,1201.82373,2692.480957,32.05164,321.207367,2881.314209,13.86757,338.482056,2566.864502,82.724854,1209.77478,2731.031738,,,,,,,,,,,,,,,,,,,
832,6.933333,-166.682709,1201.793579,2693.012695,31.741142,321.103027,2881.56543,13.852427,338.519226,2567.179932,82.214859,1209.677856,2732.459961,,,,,,,,,,,,,,,,,,,
833,6.941667,-166.898743,1201.781982,2693.537842,31.419516,321.015442,2881.783447,13.824015,338.541199,2567.499023,81.74173,1209.596069,2733.864258,,,,,,,,,,,,,,,,,,,
834,6.95,-167.074295,1201.787598,2694.053223,31.108208,320.944153,2881.977783,13.775618,338.539703,2567.819824,81.30777,1209.527466,2735.240967,,,,,,,,,,,,,,,,,,,
835,6.958333,-167.213058,1201.807983,2694.55542,30.819893,320.886597,2882.158203,13.711645,338.524933,2568.141602,80.916519,1209.469849,2736.588867,,,,,,,,,,,,,,,,,,,
836,6.966667,-167.319855,1201.839478,2695.043457,30.557745,320.838287,2882.333984,13.651608,338.527771,2568.466309,80.565376,1209.419189,2737.906982,,,,,,,,,,,,,,,,,,,
837,6.975,-167.400589,1201.87854,2695.515137,30.319216,320.794861,2882.512207,13.606356,338.559021,2568.792725,80.250343,1209.369995,2739.193115,,,,,,,,,,,,,,,,,,,
838,6.983333,-167.458771,1201.921143,2695.968018,30.098976,320.753113,2882.696777,13.575916,338.611084,2569.117188,79.97422,1209.319214,2740.448242,,,,,,,,,,,,,,,,,,,
839,6.991667,-167.495636,1201.962036,2696.398682,29.890541,320.710449,2882.889893,13.561615,338.679688,2569.436279,79.737991,1209.262451,2741.672852,,,,,,,,,,,,,,,,,,,
840,7,-167.511887,1201.997314,2696.805908,29.687248,320.664307,2883.091797,13.566064,338.763641,2569.748047,79.539314,1209.19458,2742.867432,,,,,,,,,,,,,,,,,,,
841,7.008333,-167.507507,1202.024414,2697.189697,29.483353,320.612335,2883.300293,13.600876,338.877899,2570.054199,79.376564,1209.112915,2744.034668,,,,,,,,,,,,,,,,,,,
842,7.016667,-167.481842,1202.041748,2697.552246,29.276104,320.552856,2883.513672,13.666233,339.019897,2570.35376,79.246979,1209.013794,2745.17627,,,,,,,,,,,,,,,,,,,
843,7.025,-167.435211,1202.048462,2697.894775,29.065468,320.485168,2883.729248,13.735095,339.144379,2570.637939,79.147415,1208.895264,2746.293945,,,,,,,,,,,,,,,,,,,
844,7.033333,-167.369904,1202.046021,2698.216064,28.852715,320.409515,2883.944092,13.793666,339.229156,2570.901367,79.074379,1208.757324,2747.391357,,,,,,,,,,,,,,,,,,,
845,7.041667,-167.288544,1202.036255,2698.513184,28.639753,320.326813,2884.155762,13.847801,339.284882,2571.143799,79.022438,1208.600952,2748.469238,,,,,,,,,,,,,,,,,,,
846,7.05,-167.192429,1202.020996,2698.786133,28.427721,320.239044,2884.361816,13.902475,339.319702,2571.366211,78.986649,1208.42749,2749.528076,,,,,,,,,,,,,,,,,,,
847,7.058333,-167.081329,1202.001343,2699.035645,28.217274,320.148346,2884.562012,13.962141,339.340302,2571.569824,78.965897,1208.241455,2750.567871,,,,,,,,,,,,,,,,,,,
848,7.066667,-166.954086,1201.978394,2699.266602,28.009459,320.056152,2884.757324,14.030185,339.351227,2571.755859,78.958817,1208.047852,2751.588867,,,,,,,,,,,,,,,,,,,
849,7.075,-166.809418,1201.954468,2699.483887,27.806007,319.965118,2884.947754,14.108479,339.355957,2571.92749,78.959641,1207.847534,2752.590332,,,,,,,,,,,,,,,,,,,
850,7.083333,-166.646133,1201.931152,2699.691895,27.609919,319.87854,2885.133301,14.196043,339.357849,2572.087646,78.964355,1207.640991,2753.571289,,,,,,,,,,,,,,,,,,,
851,7.091667,-166.46434,1201.910522,2699.895752,27.424486,319.797668,2885.313477,14.289948,339.358826,2572.239014,78.976166,1207.434082,2754.530029,,,,,,,,,,,,,,,,,,,
852,7.1,-166.265701,1201.894531,2700.098389,27.252005,319.72168,2885.488525,14.386889,339.359589,2572.384521,78.998657,1207.230591,2755.463623,,,,,,,,,,,,,,,,,,,
853,7.108333,-166.053329,1201.884888,2700.301514,27.093363,319.649689,2885.657715,14.482969,339.360809,2572.525879,79.029953,1207.029663,2756.36792,,,,,,,,,,,,,,,,,,,
854,7.116667,-165.831039,1201.882935,2700.505859,26.948383,319.580841,2885.820068,14.573864,339.362915,2572.663818,79.069382,1206.831665,2757.238281,,,,,,,,,,,,,,,,,,,
855,7.125,-165.601074,1201.88855,2700.712646,26.81636,319.514374,2885.974854,14.655418,339.36618,2572.798584,79.121666,1206.640259,2758.073486,,,,,,,,,,,,,,,,,,,
856,7.133333,-165.363342,1201.899902,2700.923584,26.695751,319.449402,2886.121094,14.723953,339.370331,2572.928955,79.191154,1206.45752,2758.873535,,,,,,,,,,,,,,,,,,,
857,7.141667,-165.116608,1201.914551,2701.141846,26.58534,319.385742,2886.25708,14.776566,339.374603,2573.054199,79.276443,1206.282227,2759.635742,,,,,,,,,,,,,,,,,,,
858,7.15,-164.858597,1201.930054,2701.370605,26.485077,319.324036,2886.38208,14.812249,339.378448,2573.174561,79.374077,1206.113892,2760.356689,,,,,,,,,,,,,,,,,,,
859,7.158333,-164.587341,1201.944458,2701.614258,26.394756,319.264771,2886.496338,14.830893,339.381287,2573.288818,79.487213,1205.953979,2761.036865,,,,,,,,,,,,,,,,,,,
860,7.166667,-164.304245,1201.957886,2701.874268,26.314411,319.208344,2886.600342,14.832711,339.382721,2573.396484,79.622902,1205.805786,2761.678467,,,,,,,,,,,,,,,,,,,
861,7.175,-164.013535,1201.97229,2702.146484,26.244377,319.155457,2886.69458,14.819316,339.382904,2573.495605,79.782303,1205.670288,2762.281006,,,,,,,,,,,,,,,,,,,
862,7.183333,-163.717957,1201.988281,2702.429199,26.183941,319.106354,2886.778076,14.792941,339.381989,2573.586182,79.961143,1205.544067,2762.842529,,,,,,,,,,,,,,,,,,,
863,7.191667,-163.416489,1202.005005,2702.722412,26.132093,319.060669,2886.849854,14.755357,339.379974,2573.668213,80.158554,1205.42395,2763.361328,,,,,,,,,,,,,,,,,,,
864,7.2,-163.106674,1202.020752,2703.026855,26.088348,319.017853,2886.908691,14.707876,339.376465,2573.742188,80.379013,1205.30896,2763.838379,,,,,,,,,,,,,,,,,,,
865,7.208333,-162.787033,1202.034668,2703.343994,26.052662,318.977692,2886.954346,14.651791,339.370117,2573.80835,80.624283,1205.200073,2764.273926,,,,,,,,,,,,,,,,,,,
866,7.216667,-162.457748,1202.046509,2703.673096,26.025103,318.940002,2886.986328,14.588141,339.359833,2573.868164,80.889862,1205.096802,2764.667969,,,,,,,,,,,,,,,,,,,
867,7.225,-162.122238,1202.054932,2704.009033,26.004784,318.904388,2887.005127,14.517765,339.344757,2573.923096,81.169235,1204.99646,2765.021729,,,,,,,,,,,,,,,,,,,
868,7.233333,-161.785065,1202.059448,2704.348389,25.990448,318.870392,2887.012207,14.441654,339.324249,2573.973633,81.459061,1204.897705,2765.336914,,,,,,,,,,,,,,,,,,,
869,7.241667,-161.447968,1202.059204,2704.689453,25.980602,318.83728,2887.009277,14.360682,339.297882,2574.020508,81.761253,1204.802979,2765.614502,,,,,,,,,,,,,,,,,,,
870,7.25,-161.110947,1202.055176,2705.032227,25.972464,318.803925,2886.998535,14.276157,339.265533,2574.062256,82.078835,1204.714111,2765.85498,,,,,,,,,,,,,,,,,,,
871,7.258333,-160.774994,1202.048584,2705.375244,25.96279,318.769104,2886.982666,14.191179,339.227386,2574.098145,82.412491,1204.631226,2766.060303,,,,,,,,,,,,,,,,,,,
872,7.266667,-160.442352,1202.040405,2705.715576,25.948118,318.731293,2886.963867,14.109597,339.183685,2574.126709,82.76194,1204.553589,2766.231201,,,,,,,,,,,,,,,,,,,
873,7.275,-160.115067,1202.031738,2706.051025,25.924313,318.689667,2886.943604,14.034525,339.13382,2574.146973,83.125999,1204.480469,2766.368652,,,,,,,,,,,,,,,,,,,
874,7.283333,-159.792847,1202.022949,2706.379883,25.887587,318.643677,2886.922852,13.968139,339.077148,2574.157471,83.502022,1204.411011,2766.471924,,,,,,,,,,,,,,,,,,,
875,7.291667,-159.473541,1202.014648,2706.702148,25.834326,318.59256,2886.902588,13.910913,339.012451,2574.157715,83.886406,1204.343994,2766.540771,,,,,,,,,,,,,,,,,,,
876,7.3,-159.155136,1202.007202,2707.018311,25.761345,318.535583,2886.882324,13.862082,338.937897,2574.148682,84.274635,1204.276978,2766.576172,,,,,,,,,,,,,,,,,,,
877,7.308333,-158.83754,1201.999756,2707.328125,25.667492,318.473083,2886.861572,13.820657,338.851685,2574.130127,84.662827,1204.207031,2766.580078,,,,,,,,,,,,,,,,,,,
878,7.316667,-158.523071,1201.992554,2707.62915,25.552521,318.406158,2886.838623,13.78532,338.751587,2574.102783,85.049385,1204.134033,2766.556641,,,,,,,,,,,,,,,,,,,
879,7.325,-158.214249,1201.986572,2707.919189,25.416225,318.335815,2886.812012,13.754818,338.634918,2574.067383,85.434509,1204.059082,2766.510986,,,,,,,,,,,,,,,,,,,
880,7.333333,-157.911636,1201.982788,2708.197266,25.25996,318.26297,2886.779297,13.72817,338.498718,2574.02417,85.819038,1203.984131,2766.447266,,,,,,,,,,,,,,,,,,,
881,7.341667,-157.613525,1201.980469,2708.464355,25.086905,318.18924,2886.73877,13.703531,338.338715,2573.9729,86.203201,1203.910278,2766.368652,,,,,,,,,,,,,,,,,,,
882,7.35,-157.318298,1201.978882,2708.720459,24.900757,318.115662,2886.690186,13.688097,338.168152,2573.918945,86.585129,1203.838745,2766.2771,,,,,,,,,,,,,,,,,,,
883,7.358333,-157.026627,1201.977661,2708.963623,24.705387,318.04303,2886.633789,13.699433,338.019165,2573.870361,86.961609,1203.771973,2766.174805,,,,,,,,,,,,,,,,,,,
884,7.366667,-156.74118,1201.977173,2709.189697,24.505619,317.971863,2886.571777,13.74565,337.906006,2573.82959,87.329498,1203.712036,2766.065186,,,,,,,,,,,,,,,,,,,
885,7.375,-156.464401,1201.978271,2709.395264,24.307772,317.902985,2886.508301,13.825145,337.825928,2573.796875,87.686401,1203.6604,2765.952881,,,,,,,,,,,,,,,,,,,
886,7.383333,-156.196213,1201.980713,2709.579346,24.118561,317.83783,2886.446777,13.936632,337.778625,2573.772705,88.032516,1203.617676,2765.842529,,,,,,,,,,,,,,,,,,,
887,7.391667,-155.934616,1201.983154,2709.743652,23.943186,317.77713,2886.390381,14.078809,337.766205,2573.757324,88.370789,1203.584473,2765.735596,,,,,,,,,,,,,,,,,,,
888,7.4,-155.677322,1201.984375,2709.889404,23.784512,317.720215,2886.341553,14.240397,337.772675,2573.748291,88.703644,1203.560181,2765.634033,,,,,,,,,,,,,,,,,,,
889,7.408333,-155.422028,1201.983643,2710.016357,23.643404,317.666168,2886.302734,14.411484,337.783539,2573.743652,89.030479,1203.543579,2765.539795,,,,,,,,,,,,,,,,,,,
890,7.416667,-155.166809,1201.979858,2710.123535,23.520288,317.61438,2886.274902,14.592019,337.80481,2573.745361,89.348297,1203.532471,2765.456055,,,,,,,,,,,,,,,,,,,
891,7.425,-154.911133,1201.972412,2710.210693,23.415445,317.564514,2886.258545,14.769624,337.822388,2573.752686,89.652443,1203.525024,2765.385742,,,,,,,,,,,,,,,,,,,
892,7.433333,-154.655655,1201.961304,2710.275635,23.32847,317.515778,2886.255371,14.932151,337.820679,2573.76416,89.937859,1203.519531,2765.331543,,,,,,,,,,,,,,,,,,,
893,7.441667,-154.401306,1201.946777,2710.315674,23.258968,317.467377,2886.263916,15.078115,337.801422,2573.781494,90.201996,1203.514893,2765.294189,,,,,,,,,,,,,,,,,,,
894,7.45,-154.148514,1201.928833,2710.328613,23.207117,317.41922,2886.283203,15.218033,337.785797,2573.807861,90.444565,1203.510742,2765.274414,,,,,,,,,,,,,,,,,,,
895,7.458333,-153.896667,1201.908447,2710.313965,23.173306,317.371368,2886.311523,15.363903,337.795837,2573.84668,90.665367,1203.506592,2765.274658,,,,,,,,,,,,,,,,,,,
896,7.466667,-153.644272,1201.88501,2710.27124,23.157795,317.324097,2886.347412,15.505373,337.813446,2573.893799,90.863747,1203.501831,2765.296387,,,,,,,,,,,,,,,,,,,
897,7.475,-153.390289,1201.857422,2710.200928,23.160891,317.278351,2886.38916,15.632131,337.820709,2573.946045,91.039154,1203.495728,2765.340332,,,,,,,,,,,,,,,,,,,
898,7.483333,-153.134506,1201.826172,2710.10498,23.18235,317.235107,2886.435791,15.745024,337.819672,2574.002686,91.192047,1203.487793,2765.406738,,,,,,,,,,,,,,,,,,,
899,7.491667,-152.877228,1201.793213,2709.985107,23.221577,317.195007,2886.484619,15.844842,337.812805,2574.062012,91.322777,1203.477417,2765.495117,,,,,,,,,,,,,,,,,,,
900,7.5,-152.618744,1201.760132,2709.842529,23.278484,317.158386,2886.53418,15.932541,337.802185,2574.122314,91.431007,1203.464233,2765.60498,,,,,,,,,,,,,,,,,,,
901,7.508333,-152.358475,1201.728271,2709.677979,23.352139,317.125336,2886.582275,16.00963,337.789032,2574.182861,91.517044,1203.448364,2765.73584,,,,,,,,,,,,,,,,,,,
902,7.516667,-152.095749,1201.698975,2709.491699,23.439445,317.094849,2886.627686,16.07765,337.775146,2574.242432,91.582062,1203.430542,2765.887451,,,,,,,,,,,,,,,,,,,
903,7.525,-151.831467,1201.673462,2709.285889,23.535814,317.066345,2886.668213,16.137568,337.761505,2574.299805,91.62767,1203.411133,2766.05957,,,,,,,,,,,,,,,,,,,
904,7.533333,-151.567352,1201.651489,2709.064941,23.636391,317.039642,2886.703613,16.190611,337.748383,2574.354492,91.656197,1203.390869,2766.252441,,,,,,,,,,,,,,,,,,,
905,7.541667,-151.305542,1201.633179,2708.833984,23.736982,317.014648,2886.734375,16.238918,337.737152,2574.40625,91.672264,1203.371582,2766.466064,,,,,,,,,,,,,,,,,,,
906,7.55,-151.048126,1201.618896,2708.597168,23.834145,316.991455,2886.761475,16.285391,337.728882,2574.454834,91.682526,1203.355103,2766.700439,,,,,,,,,,,,,,,,,,,
907,7.558333,-150.795776,1201.608032,2708.358887,23.924589,316.969849,2886.784912,16.332472,337.723511,2574.5,91.694298,1203.343384,2766.953369,,,,,,,,,,,,,,,,,,,
908,7.566667,-150.546738,1201.600342,2708.120117,24.005041,316.94931,2886.807129,16.382103,337.720367,2574.541748,91.713181,1203.33728,2767.221191,,,,,,,,,,,,,,,,,,,
909,7.575,-150.297531,1201.594971,2707.879639,24.072687,316.92981,2886.828369,16.436426,337.718292,2574.580078,91.739044,1203.336548,2767.5,,,,,,,,,,,,,,,,,,,
910,7.583333,-150.04454,1201.590576,2707.634033,24.125814,316.911011,2886.848877,16.496826,337.7164,2574.614502,91.7687,1203.339844,2767.786377,,,,,,,,,,,,,,,,,,,
911,7.591667,-149.784973,1201.585205,2707.382813,24.163734,316.892334,2886.868896,16.564474,337.713623,2574.645264,91.800552,1203.345215,2768.077881,,,,,,,,,,,,,,,,,,,
912,7.6,-149.517761,1201.577759,2707.126953,24.186378,316.873596,2886.888184,16.640999,337.709351,2574.672119,91.834801,1203.35083,2768.37085,,,,,,,,,,,,,,,,,,,
913,7.608333,-149.243851,1201.567993,2706.865723,24.19479,316.854919,2886.906494,16.7267,337.703339,2574.696533,91.87307,1203.355469,2768.662109,,,,,,,,,,,,,,,,,,,
914,7.616667,-148.966064,1201.556885,2706.601318,24.190895,316.835785,2886.923584,16.820694,337.695038,2574.71875,91.916946,1203.359375,2768.950684,,,,,,,,,,,,,,,,,,,
915,7.625,-148.687881,1201.545776,2706.335693,24.176779,316.816101,2886.939453,16.922594,337.684601,2574.739502,91.966911,1203.363037,2769.234863,,,,,,,,,,,,,,,,,,,
916,7.633333,-148.410889,1201.535278,2706.06958,24.154942,316.796265,2886.954346,17.031319,337.673431,2574.758301,92.022804,1203.367432,2769.513428,,,,,,,,,,,,,,,,,,,
917,7.641667,-148.134644,1201.52478,2705.802246,24.128939,316.776611,2886.968018,17.14382,337.662354,2574.776123,92.082581,1203.372925,2769.787842,,,,,,,,,,,,,,,,,,,
